# R palette generated from JSON
palette <- c(
  "#8A1500",
  "#8B1600",
  "#8D1700",
  "#8E1800",
  "#901800",
  "#911900",
  "#931A00",
  "#941B00",
  "#951C00",
  "#971D00",
  "#981E00",
  "#991F00",
  "#9B2000",
  "#9C2100",
  "#9E2100",
  "#9F2200",
  "#A02300",
  "#A22400",
  "#A32500",
  "#A42600",
  "#A52700",
  "#A72800",
  "#A82900",
  "#A92A00",
  "#AA2B00",
  "#AC2C00",
  "#AD2D00",
  "#AE2E00",
  "#AF2F00",
  "#B03000",
  "#B23100",
  "#B33200",
  "#B43300",
  "#B53400",
  "#B63500",
  "#B73600",
  "#B83700",
  "#B93800",
  "#BA3900",
  "#BB3A00",
  "#BC3B00",
  "#BD3C00",
  "#BE3D00",
  "#BF3E00",
  "#C03F00",
  "#C14000",
  "#C24100",
  "#C34200",
  "#C44300",
  "#C54400",
  "#C64500",
  "#C74600",
  "#C84700",
  "#C84800",
  "#C94900",
  "#CA4A00",
  "#CB4B00",
  "#CC4C00",
  "#CD4D00",
  "#CD4E00",
  "#CE4F00",
  "#CF5000",
  "#D05100",
  "#D05200",
  "#D15300",
  "#D25400",
  "#D25500",
  "#D35600",
  "#D45700",
  "#D45800",
  "#D55900",
  "#D65A00",
  "#D65B00",
  "#D75C00",
  "#D75D00",
  "#D85E00",
  "#D85F00",
  "#D96000",
  "#DA6100",
  "#DA6200",
  "#DB6400",
  "#DB6500",
  "#DC6600",
  "#DC6700",
  "#DC6800",
  "#DD6900",
  "#DD6A00",
  "#DE6B00",
  "#DE6C00",
  "#DF6D00",
  "#DF6E00",
  "#DF6F00",
  "#E07000",
  "#E07100",
  "#E17200",
  "#E17300",
  "#E17400",
  "#E27500",
  "#E27600",
  "#E37700",
  "#E37800",
  "#E37900",
  "#E47A00",
  "#E47B00",
  "#E57C00",
  "#E57E00",
  "#E57F01",
  "#E68001",
  "#E68102",
  "#E78203",
  "#E78304",
  "#E88404",
  "#E88505",
  "#E88606",
  "#E98707",
  "#E98808",
  "#EA8A09",
  "#EA8B0A",
  "#EA8C0B",
  "#EB8D0C",
  "#EB8E0D",
  "#EB8F0E",
  "#EB900F",
  "#EC9110",
  "#EC9211",
  "#EC9311",
  "#EC9412",
  "#EC9513",
  "#EC9614",
  "#EC9715",
  "#EC9816",
  "#EC9916",
  "#EC9A17",
  "#EC9B18",
  "#EC9C19",
  "#EC9D19",
  "#EC9E1A",
  "#EC9F1B",
  "#EB9F1B",
  "#EBA01C",
  "#EBA11D",
  "#EBA21E",
  "#EBA31E",
  "#EAA41F",
  "#EAA420",
  "#EAA520",
  "#E9A621",
  "#E9A721",
  "#E9A822",
  "#E9A823",
  "#E8A923",
  "#E8AA24",
  "#E8AB25",
  "#E7AB25",
  "#E7AC26",
  "#E6AD27",
  "#E6AE27",
  "#E6AE28",
  "#E5AF29",
  "#E5B029",
  "#E5B12A",
  "#E4B12B",
  "#E4B22B",
  "#E3B32C",
  "#E3B42D",
  "#E3B42D",
  "#E2B52E",
  "#E2B62F",
  "#E1B62F",
  "#E1B730",
  "#E1B831",
  "#E0B931",
  "#E0B932",
  "#DFBA33",
  "#DFBB34",
  "#DFBB34",
  "#DEBC35",
  "#DEBD36",
  "#DDBE37",
  "#DDBE38",
  "#DDBF39",
  "#DCC039",
  "#DCC13A",
  "#DBC13B",
  "#DBC23C",
  "#DBC33D",
  "#DAC43E",
  "#DAC43F",
  "#DAC540",
  "#D9C641",
  "#D9C742",
  "#D9C843",
  "#D8C844",
  "#D8C945",
  "#D8CA47",
  "#D7CB48",
  "#D7CC49",
  "#D7CD4B",
  "#D7CE4C",
  "#D7CE4E",
  "#D7CF4F",
  "#D7D051",
  "#D7D153",
  "#D7D255",
  "#D7D357",
  "#D7D459",
  "#D7D55B",
  "#D7D65D",
  "#D8D75F",
  "#D8D962",
  "#D9DA64",
  "#D9DB67",
  "#DADC69",
  "#DBDD6C",
  "#DCDE6E",
  "#DCDF71",
  "#DDE074",
  "#DEE177",
  "#DFE279",
  "#E0E37C",
  "#E1E37E",
  "#E2E481",
  "#E3E584",
  "#E4E686",
  "#E5E789",
  "#E6E78B",
  "#E7E88E",
  "#E8E990",
  "#E9E992",
  "#EAEA95",
  "#EBEB97",
  "#ECEB99",
  "#EDEC9C",
  "#EEED9E",
  "#EFEDA0",
  "#F0EEA2",
  "#F1EEA4",
  "#F2EFA6",
  "#F3EFA8",
  "#F4F0AB",
  "#F5F0AD",
  "#F5F1AF",
  "#F6F1B1",
  "#F7F2B2",
  "#F8F2B4",
  "#F9F3B6",
  "#F9F3B8",
  "#FAF4BA",
  "#FBF4BC",
  "#FBF4BE",
  "#FCF5BF",
  "#FDF5C1",
  "#FDF6C3",
  "#FEF6C5",
  "#FEF7C6",
  "#FFF7C8"
)
