# R palette generated from JSON
palette <- c(
  "#575657",
  "#585657",
  "#585657",
  "#595657",
  "#595657",
  "#5A5657",
  "#5B5657",
  "#5B5757",
  "#5C5757",
  "#5D5757",
  "#5D5758",
  "#5E5758",
  "#5F5758",
  "#5F5758",
  "#605758",
  "#615758",
  "#625858",
  "#625858",
  "#635858",
  "#645858",
  "#655858",
  "#655859",
  "#665959",
  "#675959",
  "#685959",
  "#695959",
  "#6A5959",
  "#6A5959",
  "#6B5A59",
  "#6C5A5A",
  "#6D5A5A",
  "#6E5A5A",
  "#6F5B5A",
  "#705B5A",
  "#715B5A",
  "#725B5B",
  "#735C5B",
  "#745C5B",
  "#755C5B",
  "#765C5B",
  "#775D5B",
  "#785D5C",
  "#795D5C",
  "#7A5D5C",
  "#7B5E5C",
  "#7C5E5C",
  "#7D5E5D",
  "#7E5F5D",
  "#7F5F5D",
  "#805F5D",
  "#81605D",
  "#82605E",
  "#83605E",
  "#84605E",
  "#85615E",
  "#86615E",
  "#87615F",
  "#89615F",
  "#8A625F",
  "#8B625F",
  "#8C625F",
  "#8D625F",
  "#8E6360",
  "#8F6360",
  "#906360",
  "#926360",
  "#936360",
  "#946460",
  "#956460",
  "#966460",
  "#986460",
  "#996460",
  "#9A6461",
  "#9B6461",
  "#9C6561",
  "#9E6561",
  "#9F6561",
  "#A06561",
  "#A16561",
  "#A36561",
  "#A46561",
  "#A56561",
  "#A76561",
  "#A86561",
  "#A96561",
  "#AB6561",
  "#AC6561",
  "#AD6561",
  "#AF6561",
  "#B06561",
  "#B16561",
  "#B36561",
  "#B46461",
  "#B66460",
  "#B76460",
  "#B96460",
  "#BA6460",
  "#BB6460",
  "#BD6460",
  "#BE6360",
  "#C06360",
  "#C16360",
  "#C3635F",
  "#C5635F",
  "#C6625F",
  "#C8625F",
  "#C9625F",
  "#CB615F",
  "#CC615F",
  "#CE615E",
  "#D0615E",
  "#D1605E",
  "#D3605E",
  "#D55F5D",
  "#D65F5D",
  "#D85F5D",
  "#DA5E5D",
  "#DB5E5D",
  "#DD5D5C",
  "#DF5D5C",
  "#E05D5C",
  "#E25C5C",
  "#E45C5B",
  "#E65B5B",
  "#E75B5B",
  "#E95A5A",
  "#EB5A5A",
  "#ED5A5A",
  "#EF595A",
  "#F0595A",
  "#F25959",
  "#F45959",
  "#F65859",
  "#F75859",
  "#F95959",
  "#FA5959",
  "#FC5959",
  "#FD5A59",
  "#FE5B59",
  "#FF5C59",
  "#FF5D59",
  "#FF5F5A",
  "#FF605A",
  "#FF625A",
  "#FF635B",
  "#FF645B",
  "#FF665B",
  "#FF675C",
  "#FF695C",
  "#FF6A5D",
  "#FF6B5D",
  "#FF6D5D",
  "#FF6E5E",
  "#FF6F5E",
  "#FF705E",
  "#FF725F",
  "#FF735F",
  "#FF745F",
  "#FF7560",
  "#FF7660",
  "#FF7860",
  "#FF7960",
  "#FF7A61",
  "#FF7B61",
  "#FF7C61",
  "#FF7D61",
  "#FF7E62",
  "#FF7F62",
  "#FF8062",
  "#FF8162",
  "#FF8262",
  "#FF8362",
  "#FF8463",
  "#FF8563",
  "#FF8663",
  "#FF8763",
  "#FF8863",
  "#FF8963",
  "#FF8A64",
  "#FF8B64",
  "#FF8C64",
  "#FF8C64",
  "#FF8D64",
  "#FF8E64",
  "#FF8F64",
  "#FF9064",
  "#FF9165",
  "#FF9265",
  "#FF9365",
  "#FF9365",
  "#FF9465",
  "#FF9565",
  "#FF9666",
  "#FF9766",
  "#FF9866",
  "#FF9966",
  "#FF9A67",
  "#FF9A67",
  "#FF9B67",
  "#FF9C67",
  "#FF9D68",
  "#FF9E68",
  "#FF9F68",
  "#FFA069",
  "#FFA169",
  "#FFA269",
  "#FFA26A",
  "#FFA36A",
  "#FFA46A",
  "#FFA56B",
  "#FFA66B",
  "#FFA76B",
  "#FFA86C",
  "#FFA96C",
  "#FFA96D",
  "#FFAA6D",
  "#FFAB6D",
  "#FFAC6E",
  "#FFAD6E",
  "#FFAE6F",
  "#FFAF6F",
  "#FFB06F",
  "#FFB070",
  "#FFB170",
  "#FFB271",
  "#FFB371",
  "#FFB471",
  "#FFB572",
  "#FFB672",
  "#FFB673",
  "#FFB773",
  "#FFB873",
  "#FFB974",
  "#FFBA74",
  "#FFBA74",
  "#FFBB75",
  "#FFBC75",
  "#FFBD75",
  "#FFBE76",
  "#FFBF76",
  "#FFBF76",
  "#FFC077",
  "#FFC177",
  "#FFC277",
  "#FFC378",
  "#FFC378",
  "#FFC478",
  "#FFC578",
  "#FFC679",
  "#FFC679",
  "#FFC779",
  "#FFC879",
  "#FFC97A",
  "#FFC97A",
  "#FFCA7A",
  "#FFCB7A"
)
