# R palette generated from JSON
palette <- c(
  "#B72E28",
  "#B72F27",
  "#B83027",
  "#B83226",
  "#B83326",
  "#B83425",
  "#B83525",
  "#B83624",
  "#B93724",
  "#B93823",
  "#B93A23",
  "#B93B22",
  "#B93C22",
  "#B93D21",
  "#B93E21",
  "#B93F20",
  "#B94020",
  "#B9411F",
  "#B9421F",
  "#B9431E",
  "#B9441E",
  "#B9451D",
  "#B9461D",
  "#B9471C",
  "#B9481B",
  "#B9491B",
  "#B94A1A",
  "#B94B1A",
  "#B84C19",
  "#B84D19",
  "#B84D18",
  "#B84E18",
  "#B84F17",
  "#B85016",
  "#B85116",
  "#B75215",
  "#B75315",
  "#B75414",
  "#B75413",
  "#B75513",
  "#B75612",
  "#B65712",
  "#B65811",
  "#B65910",
  "#B6590F",
  "#B65A0F",
  "#B55B0E",
  "#B55C0D",
  "#B55D0C",
  "#B55D0C",
  "#B55E0B",
  "#B45F0A",
  "#B46009",
  "#B46008",
  "#B46107",
  "#B36206",
  "#B36305",
  "#B36304",
  "#B36403",
  "#B26503",
  "#B26602",
  "#B26601",
  "#B26700",
  "#B16800",
  "#B16900",
  "#B16A00",
  "#B06A00",
  "#B06B00",
  "#B06C00",
  "#AF6D00",
  "#AF6D00",
  "#AF6E00",
  "#AE6F00",
  "#AE7000",
  "#AE7000",
  "#AD7100",
  "#AD7200",
  "#AD7300",
  "#AC7300",
  "#AC7400",
  "#AC7500",
  "#AB7600",
  "#AB7600",
  "#AA7700",
  "#AA7800",
  "#AA7800",
  "#A97900",
  "#A97A00",
  "#A87A00",
  "#A87B00",
  "#A77C00",
  "#A77C00",
  "#A77D00",
  "#A67E00",
  "#A67E00",
  "#A57F00",
  "#A58000",
  "#A48000",
  "#A48100",
  "#A38200",
  "#A38200",
  "#A28300",
  "#A28400",
  "#A18400",
  "#A18500",
  "#A08600",
  "#A08600",
  "#9F8700",
  "#9F8700",
  "#9E8800",
  "#9E8900",
  "#9D8900",
  "#9D8A00",
  "#9C8B00",
  "#9B8B00",
  "#9B8C00",
  "#9A8D00",
  "#9A8D00",
  "#998E00",
  "#988F00",
  "#988F00",
  "#979000",
  "#969100",
  "#969100",
  "#959200",
  "#949300",
  "#949300",
  "#939400",
  "#929500",
  "#929500",
  "#919600",
  "#909700",
  "#8F9800",
  "#8F9800",
  "#8E9900",
  "#8D9A00",
  "#8C9B00",
  "#8C9B00",
  "#8B9C00",
  "#8A9D00",
  "#899E00",
  "#889F00",
  "#879F00",
  "#87A000",
  "#86A100",
  "#85A200",
  "#84A300",
  "#83A402",
  "#82A505",
  "#81A509",
  "#80A60C",
  "#80A70F",
  "#7FA812",
  "#7EA914",
  "#7DA917",
  "#7CAA19",
  "#7BAB1B",
  "#7AAC1D",
  "#79AD1F",
  "#78AE20",
  "#77AE22",
  "#76AF24",
  "#74B026",
  "#73B128",
  "#72B229",
  "#71B32B",
  "#70B42D",
  "#6EB52F",
  "#6DB531",
  "#6CB633",
  "#6AB735",
  "#69B837",
  "#68B939",
  "#67B93B",
  "#65BA3D",
  "#64BB40",
  "#63BC42",
  "#61BC44",
  "#60BD47",
  "#5FBE49",
  "#5EBF4B",
  "#5DBF4E",
  "#5CC050",
  "#5AC053",
  "#59C155",
  "#58C258",
  "#57C25A",
  "#57C35C",
  "#56C35F",
  "#55C461",
  "#54C464",
  "#53C566",
  "#53C569",
  "#52C66B",
  "#52C66D",
  "#51C770",
  "#51C772",
  "#50C774",
  "#50C877",
  "#50C879",
  "#50C97B",
  "#4FC97D",
  "#4FC980",
  "#4FCA82",
  "#4FCA84",
  "#4FCB86",
  "#4FCB88",
  "#50CB8A",
  "#50CC8C",
  "#50CC8E",
  "#50CC90",
  "#51CD92",
  "#51CD94",
  "#51CE96",
  "#52CE98",
  "#52CE9A",
  "#53CF9C",
  "#53CF9E",
  "#53CFA0",
  "#54D0A2",
  "#54D0A4",
  "#55D1A6",
  "#55D1A7",
  "#56D2A9",
  "#56D2AB",
  "#57D3AD",
  "#57D3AF",
  "#58D4B0",
  "#58D4B2",
  "#59D5B4",
  "#59D5B6",
  "#5AD6B7",
  "#5AD6B9",
  "#5BD7BB",
  "#5CD7BD",
  "#5CD8BE",
  "#5DD9C0",
  "#5DD9C2",
  "#5EDAC4",
  "#5FDBC5",
  "#5FDBC7",
  "#60DCC9",
  "#61DDCB",
  "#62DECC",
  "#63DFCE",
  "#64E0D0",
  "#65E1D2",
  "#67E2D4",
  "#69E3D6",
  "#6BE4D7",
  "#6DE5D9",
  "#70E6DB",
  "#74E7DD",
  "#77E8DE",
  "#7BE9DF",
  "#7FEAE0"
)
