# R palette generated from JSON
palette <- c(
  "#525555",
  "#525555",
  "#525655",
  "#525655",
  "#525655",
  "#525755",
  "#525755",
  "#525755",
  "#525855",
  "#525855",
  "#525855",
  "#525955",
  "#525955",
  "#525955",
  "#525A55",
  "#525A55",
  "#525A55",
  "#525B55",
  "#525B55",
  "#525C55",
  "#525C55",
  "#525C55",
  "#525D55",
  "#525D55",
  "#525E55",
  "#525E55",
  "#525F55",
  "#525F55",
  "#526055",
  "#526055",
  "#526155",
  "#526155",
  "#526255",
  "#526255",
  "#526355",
  "#526355",
  "#526455",
  "#526455",
  "#526555",
  "#526555",
  "#526655",
  "#526755",
  "#526755",
  "#526855",
  "#526855",
  "#526955",
  "#536A56",
  "#536A56",
  "#536B56",
  "#536C56",
  "#536C56",
  "#536D56",
  "#536E56",
  "#536E56",
  "#536F56",
  "#537056",
  "#537056",
  "#537156",
  "#547257",
  "#547257",
  "#547357",
  "#547457",
  "#547457",
  "#547557",
  "#547657",
  "#547757",
  "#547757",
  "#547857",
  "#547957",
  "#547957",
  "#547A57",
  "#547B57",
  "#547C57",
  "#547C57",
  "#547D57",
  "#547E57",
  "#547E57",
  "#547F57",
  "#548057",
  "#548157",
  "#548157",
  "#548257",
  "#548357",
  "#538456",
  "#538456",
  "#538556",
  "#538656",
  "#538756",
  "#538756",
  "#528855",
  "#528955",
  "#528955",
  "#518A55",
  "#518B55",
  "#518C54",
  "#518C54",
  "#508D54",
  "#508E54",
  "#4F8F53",
  "#4F9053",
  "#4F9053",
  "#4E9152",
  "#4E9252",
  "#4D9352",
  "#4D9352",
  "#4C9451",
  "#4C9551",
  "#4B9650",
  "#4B9750",
  "#4A9850",
  "#4A984F",
  "#49994F",
  "#499A4F",
  "#489B4E",
  "#489C4E",
  "#479D4D",
  "#469E4D",
  "#469E4D",
  "#459F4C",
  "#45A04C",
  "#44A14B",
  "#43A24B",
  "#43A34B",
  "#42A44A",
  "#41A54A",
  "#41A649",
  "#40A749",
  "#3FA848",
  "#3FA948",
  "#3EAA48",
  "#3DAB47",
  "#3DAC47",
  "#3CAD46",
  "#3CAE46",
  "#3BAF46",
  "#3BB045",
  "#3AB145",
  "#3AB245",
  "#39B344",
  "#39B444",
  "#39B544",
  "#39B643",
  "#39B743",
  "#39B843",
  "#39B943",
  "#39BA42",
  "#39BB42",
  "#39BD42",
  "#3ABE42",
  "#3ABF42",
  "#3AC041",
  "#3BC141",
  "#3BC241",
  "#3BC341",
  "#3CC440",
  "#3CC640",
  "#3CC73F",
  "#3DC83F",
  "#3DC93E",
  "#3DCA3D",
  "#3DCB3C",
  "#3DCC3C",
  "#3DCE3A",
  "#3CCF39",
  "#3CD038",
  "#3BD137",
  "#3BD235",
  "#3AD334",
  "#3AD433",
  "#39D631",
  "#39D730",
  "#38D82E",
  "#38D92D",
  "#37DA2C",
  "#37DC2B",
  "#37DD2A",
  "#38DE29",
  "#39E02A",
  "#3AE12A",
  "#3CE22C",
  "#3EE42E",
  "#41E531",
  "#44E634",
  "#47E738",
  "#4AE83B",
  "#4EE93F",
  "#51EA43",
  "#54EA47",
  "#57EB4A",
  "#5AEC4E",
  "#5CEC51",
  "#5FED55",
  "#62ED58",
  "#64EE5B",
  "#67EE5E",
  "#69EF62",
  "#6CEF65",
  "#6EF068",
  "#70F06B",
  "#72F06D",
  "#74F170",
  "#76F173",
  "#78F176",
  "#7AF278",
  "#7CF27B",
  "#7EF27E",
  "#7FF380",
  "#81F383",
  "#83F385",
  "#84F487",
  "#86F48A",
  "#88F48C",
  "#89F48E",
  "#8BF591",
  "#8CF593",
  "#8EF595",
  "#8FF597",
  "#91F699",
  "#92F69C",
  "#93F69E",
  "#95F6A0",
  "#96F6A2",
  "#97F7A4",
  "#99F7A6",
  "#9AF7A8",
  "#9BF7AA",
  "#9CF8AB",
  "#9EF8AD",
  "#9FF8AF",
  "#A0F8B1",
  "#A1F8B3",
  "#A2F9B5",
  "#A4F9B6",
  "#A5F9B8",
  "#A6F9BA",
  "#A7FABB",
  "#A8FABD",
  "#A9FABF",
  "#AAFAC0",
  "#ACFAC2",
  "#ADFBC4",
  "#AEFBC5",
  "#AFFBC7",
  "#B0FBC8",
  "#B1FCCA",
  "#B2FCCB",
  "#B4FCCD",
  "#B5FCCE",
  "#B6FDD0",
  "#B7FDD1",
  "#B8FDD3",
  "#BAFED4",
  "#BBFED6",
  "#BCFED7",
  "#BEFFD9",
  "#BFFFDA"
)
