# R palette generated from JSON
palette <- c(
  "#001F60",
  "#002162",
  "#002265",
  "#002467",
  "#00266A",
  "#00286C",
  "#00296F",
  "#002B71",
  "#002D74",
  "#002F77",
  "#003079",
  "#00327C",
  "#00347E",
  "#003581",
  "#003784",
  "#003986",
  "#003A89",
  "#003C8C",
  "#003E8E",
  "#003F91",
  "#004193",
  "#004396",
  "#004598",
  "#00469B",
  "#00489D",
  "#004A9F",
  "#004BA1",
  "#004DA4",
  "#004FA6",
  "#0050A8",
  "#0052AA",
  "#0054AC",
  "#0356AE",
  "#0657B0",
  "#0959B1",
  "#0D5BB3",
  "#105CB5",
  "#135EB6",
  "#1660B8",
  "#1862B9",
  "#1B63BB",
  "#1D65BC",
  "#2067BE",
  "#2268BF",
  "#246AC0",
  "#276CC1",
  "#296DC2",
  "#2B6FC3",
  "#2D71C4",
  "#2F72C5",
  "#3174C6",
  "#3375C7",
  "#3577C8",
  "#3779C9",
  "#387ACA",
  "#3A7CCB",
  "#3C7ECC",
  "#3E7FCD",
  "#3F81CE",
  "#4183CF",
  "#4384D0",
  "#4586D1",
  "#4688D2",
  "#4889D3",
  "#498BD4",
  "#4B8DD5",
  "#4D8FD7",
  "#4F91D8",
  "#5092D9",
  "#5294DA",
  "#5496DB",
  "#5798DC",
  "#599ADD",
  "#5B9CDF",
  "#5E9EE0",
  "#60A0E0",
  "#63A2E1",
  "#66A4E2",
  "#69A5E3",
  "#6CA7E3",
  "#6FA9E4",
  "#73ABE4",
  "#76ADE4",
  "#79AFE4",
  "#7DB1E5",
  "#80B2E5",
  "#83B4E5",
  "#87B6E5",
  "#8AB8E5",
  "#8DB9E5",
  "#90BBE5",
  "#93BCE5",
  "#96BEE5",
  "#99C0E5",
  "#9DC1E6",
  "#A0C3E6",
  "#A2C4E6",
  "#A5C6E6",
  "#A8C8E6",
  "#ABC9E7",
  "#AECBE7",
  "#B1CCE7",
  "#B4CEE7",
  "#B7CFE8",
  "#B9D1E8",
  "#BCD2E8",
  "#BFD4E9",
  "#C2D5E9",
  "#C4D7E9",
  "#C7D8EA",
  "#C9D9EA",
  "#CCDBEA",
  "#CEDCEA",
  "#D1DDEB",
  "#D3DFEB",
  "#D6E0EB",
  "#D8E1EB",
  "#DAE2EB",
  "#DCE4EC",
  "#DFE5EC",
  "#E1E6EC",
  "#E3E8ED",
  "#E5E9ED",
  "#E7EAEE",
  "#EAECEE",
  "#ECEEF0",
  "#EFF0F1",
  "#F2F3F3",
  "#F5F4F3",
  "#F6F3F0",
  "#F4F1ED",
  "#F3F0EB",
  "#F3EFE9",
  "#F2EEE8",
  "#F2EDE6",
  "#F2EDE4",
  "#F2ECE2",
  "#F1EBE1",
  "#F1EADF",
  "#F1E9DD",
  "#F1E9DB",
  "#F1E8D9",
  "#F1E7D7",
  "#F1E6D6",
  "#F1E6D4",
  "#F0E5D2",
  "#F0E4D0",
  "#F0E3CE",
  "#F0E2CC",
  "#F0E1CA",
  "#F0E0C8",
  "#F0DFC6",
  "#F0DFC3",
  "#F0DEC1",
  "#EFDDBF",
  "#EFDCBD",
  "#EFDBBB",
  "#EFDAB8",
  "#EFD9B6",
  "#EFD8B4",
  "#EFD7B1",
  "#EFD6AF",
  "#EED5AC",
  "#EED4AA",
  "#EED3A7",
  "#EED2A5",
  "#EED1A2",
  "#EED0A0",
  "#EECF9D",
  "#EDCE9A",
  "#EDCD97",
  "#EDCC95",
  "#EDCA92",
  "#EDC98F",
  "#EDC88C",
  "#EDC789",
  "#EDC687",
  "#EDC584",
  "#EDC481",
  "#EDC37E",
  "#EDC27B",
  "#EDC178",
  "#EDC075",
  "#EDBE72",
  "#EDBD6F",
  "#EDBC6B",
  "#EEBB68",
  "#EEBA65",
  "#EEB962",
  "#EEB75F",
  "#EEB65C",
  "#EFB558",
  "#EFB355",
  "#EFB252",
  "#EFB14E",
  "#EFAF4B",
  "#EFAE48",
  "#EFAC44",
  "#EFAB41",
  "#EEA93E",
  "#EEA73B",
  "#EEA638",
  "#EEA436",
  "#EDA333",
  "#EDA131",
  "#ED9F2F",
  "#EC9E2D",
  "#EC9C2B",
  "#EC9B29",
  "#EB9927",
  "#EB9726",
  "#EB9624",
  "#EB9423",
  "#EA9321",
  "#EA9120",
  "#EA901F",
  "#EA8F1D",
  "#EA8D1C",
  "#E98C1B",
  "#E98A1A",
  "#E98919",
  "#E98718",
  "#E98617",
  "#E98416",
  "#E98315",
  "#E98214",
  "#E98013",
  "#E97F12",
  "#E97D12",
  "#E97C11",
  "#E97A10",
  "#E8790F",
  "#E8770F",
  "#E8760E",
  "#E8740D",
  "#E8730D",
  "#E8710C",
  "#E8700B",
  "#E86E0B",
  "#E86D0A",
  "#E86B09",
  "#E86A09",
  "#E86808",
  "#E86607",
  "#E86507",
  "#E86306",
  "#E76106",
  "#E76005",
  "#E75E04",
  "#E75C04",
  "#E75A03",
  "#E75903",
  "#E75702",
  "#E65501",
  "#E65301",
  "#E65100"
)
