# R palette generated from JSON
palette <- c(
  "#B33500",
  "#B43600",
  "#B53700",
  "#B53800",
  "#B63900",
  "#B73A00",
  "#B83B00",
  "#B93C00",
  "#B93D00",
  "#BA3E00",
  "#BB3F00",
  "#BB4000",
  "#BC4100",
  "#BD4200",
  "#BD4300",
  "#BE4400",
  "#BF4400",
  "#C04500",
  "#C04600",
  "#C14700",
  "#C24800",
  "#C24900",
  "#C34A00",
  "#C44B00",
  "#C44C00",
  "#C54D00",
  "#C54E00",
  "#C64E00",
  "#C74F00",
  "#C75000",
  "#C85100",
  "#C95200",
  "#C95300",
  "#CA5400",
  "#CB5500",
  "#CB5500",
  "#CC5600",
  "#CC5700",
  "#CD5800",
  "#CE5900",
  "#CE5A00",
  "#CF5B00",
  "#D05B00",
  "#D05C00",
  "#D15D00",
  "#D25E00",
  "#D25F00",
  "#D36001",
  "#D46103",
  "#D56204",
  "#D56307",
  "#D66409",
  "#D7650C",
  "#D8660E",
  "#D86710",
  "#D96813",
  "#DA6915",
  "#DB6A18",
  "#DB6B1A",
  "#DC6B1C",
  "#DD6C1E",
  "#DE6D20",
  "#DE6E23",
  "#DF6F25",
  "#E07027",
  "#E07129",
  "#E1722B",
  "#E1722D",
  "#E2732F",
  "#E37431",
  "#E37533",
  "#E47635",
  "#E47637",
  "#E57738",
  "#E5783A",
  "#E6793C",
  "#E6793E",
  "#E77A40",
  "#E77B42",
  "#E87C43",
  "#E87C45",
  "#E87D47",
  "#E97E49",
  "#E97E4A",
  "#EA7F4C",
  "#EA804E",
  "#EA8150",
  "#EB8151",
  "#EB8253",
  "#EB8355",
  "#EC8356",
  "#EC8458",
  "#EC8559",
  "#ED855B",
  "#ED865D",
  "#ED875E",
  "#EE8760",
  "#EE8861",
  "#EE8863",
  "#EF8964",
  "#EF8A66",
  "#EF8A67",
  "#EF8B69",
  "#F08B6A",
  "#F08C6C",
  "#F08D6D",
  "#F08D6F",
  "#F18E70",
  "#F18E72",
  "#F18F73",
  "#F19074",
  "#F29076",
  "#F29177",
  "#F29179",
  "#F2927A",
  "#F3927B",
  "#F3937D",
  "#F3937E",
  "#F3947F",
  "#F39581",
  "#F49582",
  "#F49683",
  "#F49685",
  "#F49786",
  "#F59787",
  "#F59889",
  "#F5988A",
  "#F5998B",
  "#F5998D",
  "#F69A8E",
  "#F69B8F",
  "#F69B91",
  "#F69C92",
  "#F69C93",
  "#F79D94",
  "#F79D96",
  "#F79E97",
  "#F79E98",
  "#F79F9A",
  "#F7A09B",
  "#F8A09C",
  "#F8A19E",
  "#F8A19F",
  "#F8A2A0",
  "#F8A3A1",
  "#F8A3A3",
  "#F8A4A4",
  "#F9A5A5",
  "#F9A5A7",
  "#F9A6A8",
  "#F9A6A9",
  "#F9A7AA",
  "#F9A8AC",
  "#F9A9AD",
  "#F9A9AE",
  "#F9AAB0",
  "#F9ABB1",
  "#F9ABB2",
  "#F9ACB4",
  "#FAADB5",
  "#FAAEB6",
  "#FAAEB8",
  "#FAAFB9",
  "#FAB0BA",
  "#FAB1BB",
  "#FAB2BD",
  "#FAB2BE",
  "#FAB3BF",
  "#FAB4C1",
  "#FAB5C2",
  "#FAB6C3",
  "#FAB7C4",
  "#FAB8C6",
  "#FAB9C7",
  "#F9B9C8",
  "#F9BAC9",
  "#F9BBCB",
  "#F9BCCC",
  "#F9BDCD",
  "#F9BECE",
  "#F9BFD0",
  "#F9C0D1",
  "#F9C1D2",
  "#F9C2D3",
  "#F9C3D4",
  "#F9C4D5",
  "#F9C5D7",
  "#F9C6D8",
  "#F9C7D9",
  "#F9C7DA",
  "#F9C8DB",
  "#F9C9DC",
  "#F9CADD",
  "#F9CBDE",
  "#F8CCDF",
  "#F8CDE0",
  "#F8CEE1",
  "#F8CFE2",
  "#F8D0E3",
  "#F8D1E4",
  "#F8D2E5",
  "#F8D3E5",
  "#F8D4E6",
  "#F8D5E7",
  "#F8D6E8",
  "#F8D6E9",
  "#F8D7E9",
  "#F8D8EA",
  "#F8D9EB",
  "#F8DAEC",
  "#F8DBEC",
  "#F8DCED",
  "#F8DCEE",
  "#F8DDEE",
  "#F8DEEF",
  "#F7DFF0",
  "#F7E0F0",
  "#F7E0F1",
  "#F7E1F1",
  "#F7E2F2",
  "#F7E3F2",
  "#F7E3F3",
  "#F7E4F3",
  "#F7E5F4",
  "#F7E6F4",
  "#F7E6F5",
  "#F7E7F5",
  "#F7E8F6",
  "#F7E8F6",
  "#F7E9F7",
  "#F7EAF7",
  "#F7EAF7",
  "#F7EBF8",
  "#F6EBF8",
  "#F6ECF9",
  "#F6EDF9",
  "#F6EDF9",
  "#F6EEFA",
  "#F6EEFA",
  "#F6EFFA",
  "#F6F0FB",
  "#F6F0FB",
  "#F6F1FB",
  "#F6F1FC",
  "#F6F2FC",
  "#F6F2FC",
  "#F6F3FD",
  "#F6F3FD",
  "#F5F4FD",
  "#F5F4FD",
  "#F5F5FE",
  "#F5F5FE",
  "#F5F6FE",
  "#F5F6FF",
  "#F5F7FF",
  "#F5F7FF"
)
