# R palette generated from JSON
palette <- c(
  "#011223",
  "#021425",
  "#051626",
  "#071826",
  "#0A1927",
  "#0C1A27",
  "#0F1B27",
  "#111C27",
  "#131D27",
  "#151D27",
  "#161E26",
  "#181F26",
  "#191F26",
  "#1B2026",
  "#1C2025",
  "#1D2125",
  "#1F2124",
  "#202224",
  "#212224",
  "#222223",
  "#232323",
  "#242323",
  "#252322",
  "#262422",
  "#272421",
  "#282521",
  "#292521",
  "#2A2520",
  "#2B2620",
  "#2C261F",
  "#2E261F",
  "#2F271E",
  "#30271D",
  "#31281D",
  "#32281C",
  "#34281C",
  "#35291B",
  "#36291A",
  "#372A1A",
  "#392A19",
  "#3A2B18",
  "#3B2B18",
  "#3D2B17",
  "#3E2C16",
  "#402C15",
  "#412D14",
  "#432D14",
  "#442D13",
  "#462E12",
  "#482E11",
  "#4A2F10",
  "#4B2F0F",
  "#4D2F0E",
  "#4F300D",
  "#51300C",
  "#53310B",
  "#55310A",
  "#583109",
  "#5A3208",
  "#5C3208",
  "#5E3207",
  "#603207",
  "#633206",
  "#653306",
  "#673306",
  "#6A3306",
  "#6C3306",
  "#6E3307",
  "#703307",
  "#723308",
  "#753308",
  "#773309",
  "#79320A",
  "#7B320B",
  "#7D320C",
  "#7F320D",
  "#81320F",
  "#833210",
  "#853111",
  "#873113",
  "#893114",
  "#8B3115",
  "#8D3017",
  "#8F3018",
  "#91301A",
  "#93301B",
  "#952F1D",
  "#972F1F",
  "#992F20",
  "#9B2F22",
  "#9C2E24",
  "#9E2E26",
  "#A02E27",
  "#A22E29",
  "#A32E2B",
  "#A52E2D",
  "#A62E2F",
  "#A82E31",
  "#AA2E33",
  "#AB2E35",
  "#AC2E37",
  "#AE2E39",
  "#AF2F3C",
  "#B02F3E",
  "#B22F40",
  "#B33042",
  "#B43145",
  "#B53147",
  "#B63249",
  "#B7334C",
  "#B8344E",
  "#B93550",
  "#BA3653",
  "#BB3755",
  "#BC3858",
  "#BC395A",
  "#BD3A5D",
  "#BE3C60",
  "#BE3D62",
  "#BF3F65",
  "#BF4067",
  "#BF426A",
  "#C0446C",
  "#C0456F",
  "#C04771",
  "#C04974",
  "#C04B76",
  "#C04D79",
  "#C04F7B",
  "#BF517D",
  "#BF5480",
  "#BF5682",
  "#BE5884",
  "#BE5A86",
  "#BD5C88",
  "#BC5E8A",
  "#BC618C",
  "#BB638E",
  "#BA658F",
  "#B96791",
  "#B96992",
  "#B86B94",
  "#B76D95",
  "#B66F97",
  "#B57198",
  "#B47399",
  "#B4759B",
  "#B3779C",
  "#B2799D",
  "#B17B9E",
  "#B07C9F",
  "#AF7EA0",
  "#AF80A1",
  "#AE81A2",
  "#AD83A3",
  "#AD85A4",
  "#AC86A5",
  "#AB88A6",
  "#AB89A6",
  "#AA8BA7",
  "#AA8CA8",
  "#AA8EA9",
  "#A98FAA",
  "#A990AA",
  "#A992AB",
  "#A993AC",
  "#A895AD",
  "#A896AD",
  "#A897AE",
  "#A899AF",
  "#A89AB0",
  "#A99CB0",
  "#A99DB1",
  "#A99EB2",
  "#A9A0B2",
  "#A9A1B3",
  "#A9A2B3",
  "#AAA4B4",
  "#AAA5B5",
  "#AAA6B5",
  "#ABA7B6",
  "#ABA9B6",
  "#ABAAB7",
  "#ACABB7",
  "#ACACB8",
  "#ACADB8",
  "#ADAEB8",
  "#ADAFB9",
  "#ADB0B9",
  "#AEB1BA",
  "#AEB2BA",
  "#AEB3BA",
  "#AEB4BB",
  "#AFB5BB",
  "#AFB6BB",
  "#AFB7BC",
  "#AFB8BC",
  "#B0B9BC",
  "#B0BABC",
  "#B0BBBD",
  "#B0BDBD",
  "#B0BEBD",
  "#B1BFBD",
  "#B1C0BE",
  "#B1C1BE",
  "#B1C2BE",
  "#B2C3BE",
  "#B2C4BE",
  "#B2C5BE",
  "#B2C6BF",
  "#B3C8BF",
  "#B3C9BF",
  "#B3CABF",
  "#B3CBBF",
  "#B4CCBF",
  "#B4CEBE",
  "#B4CFBE",
  "#B5D0BE",
  "#B5D1BE",
  "#B6D3BE",
  "#B6D4BD",
  "#B6D5BD",
  "#B7D6BC",
  "#B7D8BC",
  "#B8D9BB",
  "#B8DABB",
  "#B9DCBA",
  "#B9DDB9",
  "#BADEB9",
  "#BBDFB8",
  "#BBE1B7",
  "#BCE2B6",
  "#BDE3B5",
  "#BDE5B3",
  "#BEE6B2",
  "#BFE7B1",
  "#C0E8AF",
  "#C0EAAE",
  "#C1EBAC",
  "#C2ECAB",
  "#C3EDA9",
  "#C4EFA7",
  "#C5F0A5",
  "#C6F1A3",
  "#C6F2A1",
  "#C7F39F",
  "#C8F59D",
  "#C9F69B",
  "#CAF798",
  "#CBF896",
  "#CDF993",
  "#CEFA90",
  "#CFFC8D",
  "#D0FD8A",
  "#D1FE87",
  "#D2FF84"
)
