# R palette generated from JSON
palette <- c(
  "#138F84",
  "#139085",
  "#129186",
  "#129287",
  "#139388",
  "#139489",
  "#14958A",
  "#16968B",
  "#17978C",
  "#18988D",
  "#1A998E",
  "#1C9A8F",
  "#1D9B90",
  "#1F9C91",
  "#219D92",
  "#239E93",
  "#259F94",
  "#27A095",
  "#29A196",
  "#2AA397",
  "#2CA498",
  "#2EA599",
  "#2FA69A",
  "#31A79B",
  "#33A89C",
  "#34A99D",
  "#35AA9E",
  "#37AB9F",
  "#38ADA0",
  "#39AEA1",
  "#3AAFA2",
  "#3BB0A3",
  "#3CB1A4",
  "#3EB2A5",
  "#3FB4A6",
  "#41B5A8",
  "#43B6A9",
  "#46B7AA",
  "#48B8AB",
  "#4BB9AC",
  "#4EBAAD",
  "#51BBAE",
  "#54BCAF",
  "#57BCB0",
  "#5ABDB1",
  "#5DBEB2",
  "#60BEB3",
  "#63BFB4",
  "#66C0B4",
  "#69C0B5",
  "#6BC1B6",
  "#6EC1B7",
  "#71C2B8",
  "#73C2B8",
  "#76C3B9",
  "#78C4BA",
  "#7BC4BB",
  "#7DC5BC",
  "#7FC5BC",
  "#81C6BD",
  "#84C6BE",
  "#86C7BF",
  "#88C8C0",
  "#8AC8C0",
  "#8CC9C1",
  "#8EC9C2",
  "#90CAC3",
  "#92CBC4",
  "#94CBC4",
  "#96CCC5",
  "#98CDC6",
  "#9ACDC7",
  "#9CCEC7",
  "#9ECEC8",
  "#A0CFC9",
  "#A2D0CA",
  "#A4D0CB",
  "#A5D1CB",
  "#A7D2CC",
  "#A9D2CD",
  "#ABD3CE",
  "#ACD4CE",
  "#AED4CF",
  "#B0D5D0",
  "#B1D5D1",
  "#B3D6D1",
  "#B5D7D2",
  "#B6D7D3",
  "#B8D8D4",
  "#BAD8D4",
  "#BBD9D5",
  "#BDDAD6",
  "#BEDAD7",
  "#C0DBD7",
  "#C1DCD8",
  "#C3DCD9",
  "#C4DDDA",
  "#C6DDDA",
  "#C7DEDB",
  "#C9DFDC",
  "#CADFDD",
  "#CCE0DD",
  "#CDE0DE",
  "#CFE1DF",
  "#D0E2DF",
  "#D1E2E0",
  "#D3E3E1",
  "#D4E3E1",
  "#D5E4E2",
  "#D7E4E3",
  "#D8E5E3",
  "#D9E5E4",
  "#DBE6E5",
  "#DCE6E5",
  "#DDE7E6",
  "#DEE7E6",
  "#DFE8E7",
  "#E1E8E7",
  "#E2E9E8",
  "#E3EAE9",
  "#E4EAE9",
  "#E6EBEA",
  "#E7EBEB",
  "#E8ECEB",
  "#EAEDEC",
  "#EBEEED",
  "#EDEFEF",
  "#EFF0F0",
  "#EFEFEE",
  "#EEEDEC",
  "#EDECEB",
  "#ECEBE9",
  "#ECEAE8",
  "#ECE9E6",
  "#EBE8E5",
  "#EBE7E3",
  "#EBE7E2",
  "#EBE6E1",
  "#EAE5DF",
  "#EAE4DE",
  "#EAE4DD",
  "#EAE3DB",
  "#EAE2DA",
  "#E9E1D8",
  "#E9E0D7",
  "#E9E0D5",
  "#E9DFD4",
  "#E8DED2",
  "#E8DDD1",
  "#E8DCCF",
  "#E8DBCE",
  "#E7DACC",
  "#E7D9CA",
  "#E7D8C9",
  "#E6D8C7",
  "#E6D7C6",
  "#E6D6C4",
  "#E6D5C2",
  "#E5D4C1",
  "#E5D3BF",
  "#E5D2BD",
  "#E4D1BC",
  "#E4D0BA",
  "#E4CFB8",
  "#E4CEB7",
  "#E3CDB5",
  "#E3CCB3",
  "#E3CBB2",
  "#E3CBB0",
  "#E3CAAE",
  "#E2C9AC",
  "#E2C8AB",
  "#E2C7A9",
  "#E2C6A7",
  "#E2C5A5",
  "#E1C4A3",
  "#E1C3A2",
  "#E1C2A0",
  "#E1C19E",
  "#E1C09C",
  "#E0BF9A",
  "#E0BE98",
  "#E0BD96",
  "#E0BC94",
  "#DFBB93",
  "#DFBA91",
  "#DFB98F",
  "#DFB88D",
  "#DEB78B",
  "#DEB689",
  "#DEB487",
  "#DEB385",
  "#DDB283",
  "#DDB181",
  "#DDB07F",
  "#DDAF7D",
  "#DDAE7B",
  "#DDAD79",
  "#DCAC77",
  "#DCAB75",
  "#DCAA72",
  "#DCA970",
  "#DCA86E",
  "#DCA76C",
  "#DCA66A",
  "#DCA568",
  "#DCA466",
  "#DCA363",
  "#DBA261",
  "#DBA15F",
  "#DBA05D",
  "#DB9E5B",
  "#DB9D58",
  "#DA9C56",
  "#DA9B54",
  "#D99A52",
  "#D89851",
  "#D8974F",
  "#D7964E",
  "#D6944D",
  "#D5934C",
  "#D4924B",
  "#D3914A",
  "#D28F49",
  "#D18E49",
  "#D08D48",
  "#D08C47",
  "#CF8B47",
  "#CE8A46",
  "#CD8845",
  "#CC8744",
  "#CB8643",
  "#CA8542",
  "#C98441",
  "#C98340",
  "#C8813F",
  "#C7803E",
  "#C67F3D",
  "#C57E3C",
  "#C57D3A",
  "#C47B39",
  "#C37A38",
  "#C27937",
  "#C27836",
  "#C17735",
  "#C07634",
  "#BF7532",
  "#BF7331",
  "#BE7230",
  "#BD7130",
  "#BC702F",
  "#BB6F2E",
  "#BA6E2D",
  "#BA6D2C",
  "#B96C2C",
  "#B86B2B"
)
