# R palette generated from JSON
palette <- c(
  "#B72E28",
  "#B83028",
  "#B93229",
  "#BA3429",
  "#BC3629",
  "#BD382A",
  "#BE3A2A",
  "#BF3C2B",
  "#C03E2B",
  "#C1402B",
  "#C3422C",
  "#C4442C",
  "#C5462C",
  "#C6492D",
  "#C74B2D",
  "#C84D2E",
  "#CA4F2E",
  "#CB512E",
  "#CC532F",
  "#CD552F",
  "#CE572F",
  "#CF5930",
  "#D05B30",
  "#D25D31",
  "#D35F31",
  "#D46131",
  "#D56332",
  "#D66532",
  "#D76732",
  "#D96933",
  "#DA6B33",
  "#DB6D34",
  "#DC6F34",
  "#DD7134",
  "#DE7335",
  "#DF7535",
  "#E17735",
  "#E27936",
  "#E37B36",
  "#E47E37",
  "#E58037",
  "#E68237",
  "#E88438",
  "#E98638",
  "#EA8838",
  "#EB8A39",
  "#EC8C39",
  "#ED8E3A",
  "#EF903A",
  "#F0923A",
  "#F1943B",
  "#F2963B",
  "#F2983C",
  "#F29A3C",
  "#F29B3D",
  "#F29D3D",
  "#F39F3E",
  "#F3A13E",
  "#F3A33F",
  "#F3A440",
  "#F3A640",
  "#F3A841",
  "#F3AA41",
  "#F3AC42",
  "#F4AD42",
  "#F4AF43",
  "#F4B144",
  "#F4B344",
  "#F4B545",
  "#F4B645",
  "#F4B846",
  "#F4BA46",
  "#F4BC47",
  "#F5BE48",
  "#F5BF48",
  "#F5C149",
  "#F5C349",
  "#F5C54A",
  "#F5C74A",
  "#F5C94B",
  "#F5CA4B",
  "#F6CC4C",
  "#F6CE4D",
  "#F6D04D",
  "#F6D24E",
  "#F6D34E",
  "#F6D54F",
  "#F6D74F",
  "#F6D950",
  "#F6DB51",
  "#F7DC51",
  "#F7DE52",
  "#F7E052",
  "#F7E253",
  "#F7E453",
  "#F7E554",
  "#F7E755",
  "#F7E955",
  "#F8EB56",
  "#F8ED56",
  "#F8EE57",
  "#F8F057",
  "#F8F258",
  "#F6F158",
  "#F3F158",
  "#F1F058",
  "#EEF058",
  "#ECEF58",
  "#E9EF58",
  "#E7EE58",
  "#E5EE58",
  "#E2ED58",
  "#E0ED58",
  "#DDEC58",
  "#DBEC58",
  "#D8EB58",
  "#D6EB58",
  "#D4EA58",
  "#D1EA58",
  "#CFE958",
  "#CCE958",
  "#CAE858",
  "#C7E858",
  "#C5E758",
  "#C3E758",
  "#C0E658",
  "#BEE658",
  "#BBE558",
  "#B9E558",
  "#B6E458",
  "#B4E458",
  "#B1E358",
  "#AFE358",
  "#ADE258",
  "#AAE258",
  "#A8E158",
  "#A5E158",
  "#A3E058",
  "#A0E058",
  "#9EDF58",
  "#9CDF58",
  "#99DE58",
  "#97DE58",
  "#94DD58",
  "#92DD58",
  "#8FDC58",
  "#8DDC58",
  "#8BDB58",
  "#88DB58",
  "#86DA58",
  "#83DA58",
  "#81D958",
  "#7ED958",
  "#7CD858",
  "#7AD759",
  "#79D75B",
  "#77D65C",
  "#76D55E",
  "#74D55F",
  "#73D460",
  "#71D462",
  "#70D363",
  "#6ED265",
  "#6DD266",
  "#6BD168",
  "#6AD069",
  "#68D06A",
  "#67CF6C",
  "#65CF6D",
  "#64CE6F",
  "#62CD70",
  "#60CD71",
  "#5FCC73",
  "#5DCB74",
  "#5CCB76",
  "#5ACA77",
  "#59CA78",
  "#57C97A",
  "#56C87B",
  "#54C87D",
  "#53C77E",
  "#51C680",
  "#50C681",
  "#4EC582",
  "#4DC584",
  "#4BC485",
  "#4AC387",
  "#48C388",
  "#46C289",
  "#45C18B",
  "#43C18C",
  "#42C08E",
  "#40C08F",
  "#3FBF90",
  "#3DBE92",
  "#3CBE93",
  "#3ABD95",
  "#39BC96",
  "#37BC98",
  "#36BB99",
  "#34BB9A",
  "#33BA9C",
  "#31B99D",
  "#30B99F",
  "#2EB8A0",
  "#30B9A1",
  "#31BAA3",
  "#33BBA4",
  "#34BCA5",
  "#36BDA6",
  "#38BEA8",
  "#39BFA9",
  "#3BC0AA",
  "#3CC1AB",
  "#3EC2AD",
  "#3FC3AE",
  "#41C4AF",
  "#43C5B0",
  "#44C6B2",
  "#46C7B3",
  "#47C8B4",
  "#49C9B5",
  "#4BCAB7",
  "#4CCBB8",
  "#4ECCB9",
  "#4FCDBA",
  "#51CEBC",
  "#53CFBD",
  "#54D0BE",
  "#56D1BF",
  "#57D1C1",
  "#59D2C2",
  "#5AD3C3",
  "#5CD4C4",
  "#5ED5C6",
  "#5FD6C7",
  "#61D7C8",
  "#62D8C9",
  "#64D9CB",
  "#66DACC",
  "#67DBCD",
  "#69DCCE",
  "#6ADDD0",
  "#6CDED1",
  "#6EDFD2",
  "#6FE0D3",
  "#71E1D5",
  "#72E2D6",
  "#74E3D7",
  "#75E4D8",
  "#77E5DA",
  "#79E6DB",
  "#7AE7DC",
  "#7CE8DD",
  "#7DE9DF",
  "#7FEAE0"
)
