# R palette generated from JSON
palette <- c(
  "#212B23",
  "#222C24",
  "#232D25",
  "#242D27",
  "#252E28",
  "#272F29",
  "#28302A",
  "#29312B",
  "#2A312C",
  "#2B322D",
  "#2C332F",
  "#2D3330",
  "#2E3431",
  "#2F3532",
  "#303533",
  "#303634",
  "#313635",
  "#323736",
  "#333837",
  "#343838",
  "#353939",
  "#36393A",
  "#363A3A",
  "#373A3B",
  "#383B3C",
  "#393B3D",
  "#3A3C3E",
  "#3A3C3F",
  "#3B3D40",
  "#3C3D41",
  "#3D3E42",
  "#3E3E42",
  "#3E3F43",
  "#3F3F44",
  "#404045",
  "#414046",
  "#424147",
  "#434148",
  "#434249",
  "#44424A",
  "#45434B",
  "#46434C",
  "#47444D",
  "#48444E",
  "#49454F",
  "#4A4550",
  "#4B4651",
  "#4C4752",
  "#4D4753",
  "#4E4854",
  "#4E4855",
  "#4F4956",
  "#504957",
  "#514A59",
  "#524A5A",
  "#534B5B",
  "#544B5C",
  "#554C5D",
  "#574C5E",
  "#584D5F",
  "#594D60",
  "#5A4E62",
  "#5B4F63",
  "#5C4F64",
  "#5D5065",
  "#5E5066",
  "#5F5168",
  "#605169",
  "#62526A",
  "#63526B",
  "#64536C",
  "#65536E",
  "#66546F",
  "#675470",
  "#695571",
  "#6A5673",
  "#6B5674",
  "#6C5775",
  "#6E5777",
  "#6F5878",
  "#705879",
  "#71597B",
  "#73597C",
  "#745A7D",
  "#755A7F",
  "#775B80",
  "#785B81",
  "#795C83",
  "#7B5C84",
  "#7C5D85",
  "#7D5D87",
  "#7F5E88",
  "#805E8A",
  "#825F8B",
  "#835F8C",
  "#84608E",
  "#86608F",
  "#876191",
  "#896192",
  "#8A6293",
  "#8C6295",
  "#8D6296",
  "#8F6398",
  "#906399",
  "#91649B",
  "#93649C",
  "#94649E",
  "#96659F",
  "#9865A0",
  "#9966A2",
  "#9B66A3",
  "#9C66A5",
  "#9E67A6",
  "#9F67A8",
  "#A167A9",
  "#A368AB",
  "#A468AC",
  "#A668AE",
  "#A869AF",
  "#A969B1",
  "#AB6AB3",
  "#AD6AB4",
  "#AE6AB6",
  "#B06BB7",
  "#B26BB9",
  "#B46BBA",
  "#B66CBC",
  "#B86CBD",
  "#B96DBF",
  "#BB6DC0",
  "#BD6EC2",
  "#BF6EC3",
  "#C16EC4",
  "#C36FC6",
  "#C56FC7",
  "#C770C9",
  "#C970CA",
  "#CB71CB",
  "#CD72CC",
  "#CF72CE",
  "#D173CF",
  "#D374D0",
  "#D574D1",
  "#D775D3",
  "#D976D4",
  "#DB77D5",
  "#DD78D6",
  "#DF79D7",
  "#E17AD8",
  "#E37BD9",
  "#E57CDA",
  "#E77DDC",
  "#E87EDD",
  "#EA80DE",
  "#EC81DF",
  "#ED83E0",
  "#EF84E1",
  "#F086E2",
  "#F187E3",
  "#F289E4",
  "#F38BE5",
  "#F48DE6",
  "#F58FE7",
  "#F690E8",
  "#F792E9",
  "#F794EA",
  "#F896EB",
  "#F898EC",
  "#F99AEC",
  "#F99CED",
  "#FA9EEE",
  "#FAA0EF",
  "#FAA2EF",
  "#FBA4F0",
  "#FBA5F1",
  "#FBA7F1",
  "#FBA9F2",
  "#FBABF2",
  "#FBADF3",
  "#FBAEF3",
  "#FCB0F4",
  "#FCB2F4",
  "#FCB4F5",
  "#FCB5F5",
  "#FCB7F5",
  "#FCB9F6",
  "#FCBAF6",
  "#FCBCF6",
  "#FCBEF7",
  "#FCBFF7",
  "#FBC1F7",
  "#FBC2F8",
  "#FBC4F8",
  "#FBC5F8",
  "#FBC7F8",
  "#FBC8F9",
  "#FBC9F9",
  "#FBCBF9",
  "#FBCCF9",
  "#FBCEF9",
  "#FBCFFA",
  "#FBD0FA",
  "#FBD1FA",
  "#FBD3FA",
  "#FBD4FA",
  "#FBD5FA",
  "#FAD6FB",
  "#FAD7FB",
  "#FAD9FB",
  "#FADAFB",
  "#FADBFB",
  "#FADCFB",
  "#FADDFB",
  "#FADEFB",
  "#FADFFC",
  "#FAE0FC",
  "#FAE1FC",
  "#FAE2FC",
  "#FAE3FC",
  "#FAE4FC",
  "#FAE5FC",
  "#FAE6FC",
  "#FAE7FC",
  "#FAE7FC",
  "#FAE8FD",
  "#FAE9FD",
  "#FBEAFD",
  "#FBEBFD",
  "#FBECFD",
  "#FBECFD",
  "#FBEDFD",
  "#FBEEFD",
  "#FBEFFD",
  "#FBF0FD",
  "#FBF0FD",
  "#FBF1FD",
  "#FBF2FD",
  "#FCF3FE",
  "#FCF3FE",
  "#FCF4FE",
  "#FCF5FE",
  "#FCF6FE",
  "#FCF6FE",
  "#FCF7FE",
  "#FDF8FE",
  "#FDF8FE",
  "#FDF9FE",
  "#FDFAFE",
  "#FDFAFE",
  "#FEFBFE",
  "#FEFCFF",
  "#FEFCFF",
  "#FEFDFF",
  "#FEFEFF",
  "#FFFEFF",
  "#FFFFFF"
)
