# R palette generated from JSON
palette <- c(
  "#43414F",
  "#44414F",
  "#454150",
  "#464250",
  "#464251",
  "#474251",
  "#484252",
  "#494252",
  "#4A4352",
  "#4B4353",
  "#4C4353",
  "#4D4354",
  "#4E4454",
  "#4F4455",
  "#504455",
  "#514456",
  "#524556",
  "#534557",
  "#544557",
  "#554658",
  "#574658",
  "#584659",
  "#594659",
  "#5A475A",
  "#5B475A",
  "#5C475B",
  "#5E485B",
  "#5F485C",
  "#60485C",
  "#61495D",
  "#63495D",
  "#64495E",
  "#654A5E",
  "#674A5F",
  "#684A5F",
  "#694B60",
  "#6B4B61",
  "#6C4B61",
  "#6D4B62",
  "#6F4C62",
  "#704C63",
  "#724C63",
  "#734D64",
  "#754D64",
  "#764D65",
  "#784E65",
  "#794E66",
  "#7B4E66",
  "#7C4F67",
  "#7E4F67",
  "#7F4F68",
  "#815068",
  "#825069",
  "#84506A",
  "#85506A",
  "#87516B",
  "#88516B",
  "#8A516C",
  "#8C516C",
  "#8D526D",
  "#8F526D",
  "#90526E",
  "#92526E",
  "#94536F",
  "#95536F",
  "#975370",
  "#995370",
  "#9A5371",
  "#9C5371",
  "#9E5372",
  "#9F5472",
  "#A15473",
  "#A35473",
  "#A55474",
  "#A65474",
  "#A85475",
  "#AA5475",
  "#AC5476",
  "#AD5476",
  "#AF5477",
  "#B15577",
  "#B35578",
  "#B45578",
  "#B65578",
  "#B85579",
  "#BA5579",
  "#BB5579",
  "#BD557A",
  "#BF557A",
  "#C0557A",
  "#C2567B",
  "#C4567B",
  "#C6567B",
  "#C7567B",
  "#C9567B",
  "#CA577B",
  "#CC577B",
  "#CD577B",
  "#CF587B",
  "#D0587B",
  "#D2587B",
  "#D3597B",
  "#D4597B",
  "#D65A7B",
  "#D75A7A",
  "#D85B7A",
  "#D95B7A",
  "#DB5C7A",
  "#DC5C79",
  "#DD5D79",
  "#DE5D79",
  "#DF5E78",
  "#E05E78",
  "#E15F78",
  "#E35F77",
  "#E46077",
  "#E56076",
  "#E66176",
  "#E76176",
  "#E86275",
  "#E96275",
  "#EA6374",
  "#EB6374",
  "#EC6474",
  "#ED6473",
  "#EE6573",
  "#EF6672",
  "#F06672",
  "#F16772",
  "#F26771",
  "#F36871",
  "#F46870",
  "#F66970",
  "#F7696F",
  "#F86A6F",
  "#F96B6F",
  "#FA6B6E",
  "#FB6C6E",
  "#FC6C6D",
  "#FD6D6D",
  "#FE6E6D",
  "#FF6E6C",
  "#FF6F6C",
  "#FF706C",
  "#FF716B",
  "#FF736B",
  "#FF746B",
  "#FF756B",
  "#FF766B",
  "#FF776B",
  "#FF786B",
  "#FF7A6B",
  "#FF7B6B",
  "#FF7C6B",
  "#FF7E6B",
  "#FF7F6C",
  "#FF806C",
  "#FF826D",
  "#FF836D",
  "#FF846E",
  "#FF866E",
  "#FF876F",
  "#FF886F",
  "#FF8A70",
  "#FF8B71",
  "#FF8D71",
  "#FF8E72",
  "#FF8F73",
  "#FF9173",
  "#FF9274",
  "#FF9375",
  "#FF9575",
  "#FF9676",
  "#FF9777",
  "#FF9978",
  "#FF9A78",
  "#FF9B79",
  "#FF9C7A",
  "#FF9E7B",
  "#FF9F7B",
  "#FFA07C",
  "#FFA27D",
  "#FFA37E",
  "#FFA47E",
  "#FFA57F",
  "#FFA680",
  "#FFA881",
  "#FFA981",
  "#FFAA82",
  "#FFAB83",
  "#FFAC83",
  "#FFAD84",
  "#FFAF85",
  "#FFB085",
  "#FFB186",
  "#FFB287",
  "#FFB387",
  "#FFB488",
  "#FFB589",
  "#FFB689",
  "#FFB78A",
  "#FFB88A",
  "#FFB98B",
  "#FFBA8C",
  "#FFBB8C",
  "#FFBD8D",
  "#FFBE8D",
  "#FFBF8E",
  "#FFC08E",
  "#FFC18F",
  "#FFC28F",
  "#FFC390",
  "#FFC490",
  "#FFC591",
  "#FFC591",
  "#FFC692",
  "#FFC792",
  "#FFC893",
  "#FFC994",
  "#FFCA94",
  "#FFCB95",
  "#FFCC95",
  "#FFCD96",
  "#FFCE96",
  "#FFCF97",
  "#FFD097",
  "#FFD198",
  "#FFD298",
  "#FFD399",
  "#FFD499",
  "#FFD59A",
  "#FFD69A",
  "#FFD79B",
  "#FFD89B",
  "#FFD99C",
  "#FFDA9C",
  "#FFDB9D",
  "#FFDC9E",
  "#FFDD9E",
  "#FFDE9F",
  "#FFDF9F",
  "#FFE0A0",
  "#FFE1A1",
  "#FFE2A1",
  "#FFE3A2",
  "#FFE4A3",
  "#FFE5A3",
  "#FFE6A4",
  "#FFE7A5",
  "#FFE8A5",
  "#FFE9A6",
  "#FFEAA7",
  "#FFEBA8",
  "#FFECA8",
  "#FFEDA9",
  "#FFEEAA"
)
