# R palette generated from JSON
palette <- c(
  "#280301",
  "#2A0502",
  "#2C0704",
  "#2E0805",
  "#300905",
  "#320A06",
  "#350B07",
  "#370C07",
  "#390C08",
  "#3C0D08",
  "#3E0E08",
  "#410E09",
  "#430F09",
  "#460F09",
  "#481009",
  "#4B1009",
  "#4E100A",
  "#51110A",
  "#53110A",
  "#56120A",
  "#59120A",
  "#5D120B",
  "#60120B",
  "#63130C",
  "#66130C",
  "#69130D",
  "#6D130D",
  "#70140E",
  "#74140F",
  "#771410",
  "#7B1411",
  "#7E1512",
  "#811514",
  "#851615",
  "#881617",
  "#8B1719",
  "#8E171A",
  "#91181C",
  "#94191E",
  "#971A20",
  "#9A1B22",
  "#9D1C24",
  "#A01E26",
  "#A31F29",
  "#A5202B",
  "#A8222D",
  "#AB242F",
  "#AD2631",
  "#B02733",
  "#B32935",
  "#B52B37",
  "#B72D39",
  "#BA303B",
  "#BC323D",
  "#BE343F",
  "#C03641",
  "#C33943",
  "#C53B45",
  "#C73D47",
  "#C84048",
  "#CA424A",
  "#CC444C",
  "#CE474D",
  "#CF494F",
  "#D14B50",
  "#D24E52",
  "#D45053",
  "#D55355",
  "#D75556",
  "#D85858",
  "#DA5A59",
  "#DB5D5B",
  "#DC5F5D",
  "#DE625E",
  "#DF6460",
  "#E06761",
  "#E16A63",
  "#E26C64",
  "#E46F66",
  "#E57168",
  "#E67469",
  "#E7776B",
  "#E8796C",
  "#E87C6E",
  "#E97F70",
  "#EA8171",
  "#EB8473",
  "#EC8675",
  "#EC8977",
  "#ED8C78",
  "#EE8E7A",
  "#EE917C",
  "#EF937D",
  "#EF967F",
  "#F09881",
  "#F09B82",
  "#F19D84",
  "#F19F86",
  "#F1A287",
  "#F2A489",
  "#F2A78B",
  "#F3A98D",
  "#F3AB8E",
  "#F3AE90",
  "#F3B092",
  "#F4B294",
  "#F4B496",
  "#F4B798",
  "#F4B999",
  "#F4BB9B",
  "#F4BD9D",
  "#F4BFA0",
  "#F4C1A2",
  "#F4C4A4",
  "#F4C6A6",
  "#F4C8A8",
  "#F4CAAA",
  "#F5CCAC",
  "#F5CEAF",
  "#F5D0B1",
  "#F5D2B3",
  "#F5D4B5",
  "#F6D6B8",
  "#F6D8BA",
  "#F7DABD",
  "#F9DDC0",
  "#FBE0C3",
  "#FCE2C6",
  "#F8E1C5",
  "#F5DEC2",
  "#F2DCC1",
  "#EFDAC0",
  "#ECD8BF",
  "#E9D6BF",
  "#E6D5BF",
  "#E3D3BF",
  "#E1D2BF",
  "#DED0BF",
  "#DCCFBF",
  "#D9CEBF",
  "#D7CCBE",
  "#D4CBBE",
  "#D2C9BE",
  "#D0C8BE",
  "#CEC6BD",
  "#CBC5BD",
  "#C9C3BC",
  "#C7C1BC",
  "#C5C0BB",
  "#C3BEBA",
  "#C1BCB9",
  "#BFBAB9",
  "#BDB8B8",
  "#BBB7B7",
  "#B9B5B6",
  "#B7B3B5",
  "#B5B1B4",
  "#B3AFB3",
  "#B1AEB2",
  "#AFACB1",
  "#ADAAB0",
  "#ABA8B0",
  "#A9A7AF",
  "#A7A5AE",
  "#A5A3AD",
  "#A3A1AC",
  "#A19FAB",
  "#9F9EAA",
  "#9D9CA9",
  "#9B9AA8",
  "#9998A8",
  "#9797A7",
  "#9595A6",
  "#9393A5",
  "#9191A4",
  "#8F8FA2",
  "#8D8EA1",
  "#8B8CA0",
  "#898A9F",
  "#88889E",
  "#86869D",
  "#84849B",
  "#83839A",
  "#818199",
  "#807F98",
  "#7E7D96",
  "#7D7C95",
  "#7C7A94",
  "#7A7892",
  "#797691",
  "#777590",
  "#76738E",
  "#75718D",
  "#73708C",
  "#726E8A",
  "#706C89",
  "#6F6A87",
  "#6D6986",
  "#6B6784",
  "#6A6583",
  "#686381",
  "#666180",
  "#65607E",
  "#635E7D",
  "#615C7C",
  "#605A7A",
  "#5E5879",
  "#5D5677",
  "#5B5476",
  "#5A5375",
  "#595173",
  "#574F72",
  "#564D71",
  "#554B70",
  "#54496F",
  "#53476D",
  "#52456C",
  "#51436B",
  "#50416A",
  "#4F3F69",
  "#4E3D67",
  "#4D3B66",
  "#4D3964",
  "#4C3763",
  "#4B3561",
  "#4B3360",
  "#4A315E",
  "#492E5C",
  "#492C5A",
  "#482A59",
  "#482857",
  "#472654",
  "#462452",
  "#462150",
  "#451F4E",
  "#441D4B",
  "#431B49",
  "#421846",
  "#421644",
  "#401441",
  "#3F123E",
  "#3E0F3B",
  "#3D0D38",
  "#3B0B36",
  "#3A0933",
  "#390830",
  "#37062D",
  "#35052A",
  "#340528",
  "#320425",
  "#300323",
  "#2F0320",
  "#2D021E",
  "#2C011C",
  "#2A011A",
  "#290018"
)
