# R palette generated from JSON
palette <- c(
  "#000286",
  "#060387",
  "#0B0388",
  "#0F038A",
  "#13048C",
  "#16048D",
  "#18048F",
  "#1A0491",
  "#1C0493",
  "#1E0495",
  "#200497",
  "#220499",
  "#23049B",
  "#25039D",
  "#26039F",
  "#2803A2",
  "#2902A4",
  "#2B02A6",
  "#2C01A8",
  "#2E01AA",
  "#2F00AC",
  "#3100AE",
  "#3200B1",
  "#3400B3",
  "#3500B5",
  "#3600B7",
  "#3800B9",
  "#3900BB",
  "#3B00BD",
  "#3C00BF",
  "#3E00C1",
  "#4000C3",
  "#4100C5",
  "#4300C6",
  "#4500C8",
  "#4700CA",
  "#4800CC",
  "#4A00CE",
  "#4C00CF",
  "#4E00D1",
  "#4F00D3",
  "#5100D5",
  "#5300D6",
  "#5500D8",
  "#5700D9",
  "#5800DB",
  "#5A00DD",
  "#5C00DE",
  "#5E00E0",
  "#6000E1",
  "#6200E2",
  "#6400E4",
  "#6600E5",
  "#6800E6",
  "#6A00E8",
  "#6B00E9",
  "#6E00EA",
  "#7000EA",
  "#7200EB",
  "#7400EC",
  "#7600ED",
  "#7800ED",
  "#7A00EE",
  "#7C02EE",
  "#7E05EF",
  "#7F08EF",
  "#810BEF",
  "#830DF0",
  "#8410F0",
  "#8612F0",
  "#8714F1",
  "#8917F1",
  "#8A19F1",
  "#8C1AF1",
  "#8D1CF1",
  "#8E1EF2",
  "#9020F2",
  "#9122F2",
  "#9223F2",
  "#9425F2",
  "#9527F2",
  "#9628F2",
  "#972AF2",
  "#992BF2",
  "#9A2DF2",
  "#9B2EF2",
  "#9C30F2",
  "#9D31F2",
  "#9E32F2",
  "#A034F2",
  "#A135F2",
  "#A237F2",
  "#A338F2",
  "#A439F2",
  "#A53BF2",
  "#A63CF2",
  "#A73DF2",
  "#A83FF2",
  "#A940F2",
  "#AA41F2",
  "#AB43F2",
  "#AB44F1",
  "#AC45F1",
  "#AD47F1",
  "#AE48F1",
  "#AF49F1",
  "#B04BF1",
  "#B14CF0",
  "#B24DF0",
  "#B24EF0",
  "#B350F0",
  "#B451F0",
  "#B552EF",
  "#B654EF",
  "#B655EF",
  "#B756EF",
  "#B858EF",
  "#B959EE",
  "#B95AEE",
  "#BA5BEE",
  "#BB5DEE",
  "#BC5EED",
  "#BC5FED",
  "#BD61ED",
  "#BE62ED",
  "#BE63EC",
  "#BF64EC",
  "#C066EC",
  "#C067EC",
  "#C168EC",
  "#C169EB",
  "#C26BEB",
  "#C36CEB",
  "#C36DEB",
  "#C46EEA",
  "#C470EA",
  "#C571EA",
  "#C672EA",
  "#C673E9",
  "#C775E9",
  "#C776E9",
  "#C877E9",
  "#C878E8",
  "#C97AE8",
  "#C97BE8",
  "#CA7CE8",
  "#CA7DE8",
  "#CB7EE7",
  "#CB80E7",
  "#CC81E7",
  "#CC82E7",
  "#CD83E7",
  "#CD84E6",
  "#CE86E6",
  "#CE87E6",
  "#CF88E6",
  "#CF89E6",
  "#D08AE6",
  "#D08CE5",
  "#D08DE5",
  "#D18EE5",
  "#D18FE5",
  "#D290E5",
  "#D291E5",
  "#D393E5",
  "#D394E4",
  "#D395E4",
  "#D496E4",
  "#D497E4",
  "#D598E4",
  "#D599E4",
  "#D69BE4",
  "#D69CE4",
  "#D69DE4",
  "#D79EE4",
  "#D79FE4",
  "#D8A0E4",
  "#D8A1E4",
  "#D8A2E4",
  "#D9A4E4",
  "#D9A5E4",
  "#D9A6E4",
  "#DAA7E4",
  "#DAA8E4",
  "#DBA9E4",
  "#DBAAE4",
  "#DBABE4",
  "#DCACE4",
  "#DCAEE4",
  "#DDAFE4",
  "#DDB0E4",
  "#DDB1E4",
  "#DEB2E4",
  "#DEB3E5",
  "#DFB4E5",
  "#DFB5E5",
  "#DFB6E5",
  "#E0B7E5",
  "#E0B8E5",
  "#E1B9E5",
  "#E1BAE5",
  "#E1BCE6",
  "#E2BDE6",
  "#E2BEE6",
  "#E3BFE6",
  "#E3C0E6",
  "#E3C1E7",
  "#E4C2E7",
  "#E4C3E7",
  "#E5C4E7",
  "#E5C5E8",
  "#E5C6E8",
  "#E6C7E8",
  "#E6C8E8",
  "#E7C9E9",
  "#E7CAE9",
  "#E8CBE9",
  "#E8CCEA",
  "#E9CDEA",
  "#E9CEEA",
  "#EACFEB",
  "#EAD0EB",
  "#EAD1EB",
  "#EBD2EC",
  "#EBD3EC",
  "#ECD4ED",
  "#ECD5ED",
  "#EDD6ED",
  "#EDD7EE",
  "#EED8EE",
  "#EED9EF",
  "#EFDAEF",
  "#EFDBEF",
  "#F0DDF0",
  "#F0DEF0",
  "#F1DFF1",
  "#F1E0F1",
  "#F2E1F2",
  "#F3E2F2",
  "#F3E3F3",
  "#F4E4F3",
  "#F4E5F4",
  "#F5E6F4",
  "#F5E7F5",
  "#F6E8F5",
  "#F7E9F6",
  "#F7EAF7",
  "#F8EBF7",
  "#F8ECF8",
  "#F9EDF9",
  "#FAEEF9",
  "#FBEFFA",
  "#FBF1FB",
  "#FCF2FC",
  "#FEF3FD",
  "#FFF5FE"
)
