# R palette generated from JSON
palette <- c(
  "#FFF290",
  "#FEEF8F",
  "#FDED8E",
  "#FDEA8D",
  "#FCE78C",
  "#FBE58B",
  "#FAE28A",
  "#FAE089",
  "#F9DD88",
  "#F8DB87",
  "#F7D885",
  "#F7D684",
  "#F6D483",
  "#F5D182",
  "#F4CF81",
  "#F4CC7F",
  "#F3CA7E",
  "#F2C87D",
  "#F1C57C",
  "#F0C37B",
  "#F0C179",
  "#EFBE78",
  "#EEBC77",
  "#EDBA76",
  "#ECB775",
  "#EBB573",
  "#EAB372",
  "#E9B071",
  "#E8AE70",
  "#E7AC6F",
  "#E6AA6E",
  "#E5A76D",
  "#E4A56C",
  "#E3A36A",
  "#E2A169",
  "#E19E69",
  "#E09C68",
  "#DF9A67",
  "#DE9866",
  "#DD9665",
  "#DC9364",
  "#DB9163",
  "#DA8F62",
  "#D98D61",
  "#D78B60",
  "#D6885F",
  "#D5865F",
  "#D4845E",
  "#D2825D",
  "#D1805C",
  "#D07E5B",
  "#CE7C5A",
  "#CD7959",
  "#CC7759",
  "#CA7558",
  "#C97357",
  "#C77156",
  "#C66F55",
  "#C46D54",
  "#C26B53",
  "#C16952",
  "#BF6751",
  "#BD6551",
  "#BB6350",
  "#BA614F",
  "#B85F4E",
  "#B65D4D",
  "#B45B4C",
  "#B25A4B",
  "#AF584A",
  "#AD5649",
  "#AB5448",
  "#A85347",
  "#A65146",
  "#A34F46",
  "#A14E45",
  "#9E4C44",
  "#9B4B43",
  "#984942",
  "#954841",
  "#924740",
  "#8F453F",
  "#8C443E",
  "#88433D",
  "#85423C",
  "#82413B",
  "#7F403A",
  "#7B3F39",
  "#783E38",
  "#753D37",
  "#723C37",
  "#6F3B36",
  "#6B3A35",
  "#683934",
  "#653833",
  "#623732",
  "#5F3631",
  "#5C3530",
  "#59342F",
  "#57332E",
  "#54322D",
  "#51312C",
  "#4E302B",
  "#4C2F29",
  "#492E28",
  "#462C27",
  "#442B26",
  "#412A25",
  "#3F2924",
  "#3C2823",
  "#3A2722",
  "#382621",
  "#352520",
  "#33241F",
  "#31231F",
  "#2F221E",
  "#2D221D",
  "#2B211C",
  "#29201B",
  "#271F1B",
  "#251E1A",
  "#231D19",
  "#211C18",
  "#1F1B17",
  "#1D1A16",
  "#1B1815",
  "#181713",
  "#161410",
  "#14130F",
  "#141512",
  "#171715",
  "#181917",
  "#191B19",
  "#191C1A",
  "#1A1E1C",
  "#1A1F1E",
  "#1B2020",
  "#1B2221",
  "#1B2323",
  "#1B2525",
  "#1B2627",
  "#1B2729",
  "#1B292B",
  "#1B2A2D",
  "#1B2C30",
  "#1B2D32",
  "#1B2F34",
  "#1B3137",
  "#1B3239",
  "#1B343C",
  "#1B353E",
  "#1B3741",
  "#1B3944",
  "#1B3A47",
  "#1B3C49",
  "#1B3D4C",
  "#1A3F4F",
  "#1A4152",
  "#1A4255",
  "#194458",
  "#19465B",
  "#18485E",
  "#184961",
  "#174B64",
  "#174D67",
  "#164F6A",
  "#15516D",
  "#155370",
  "#145474",
  "#135677",
  "#13587A",
  "#125A7D",
  "#125C80",
  "#115E84",
  "#106087",
  "#10618A",
  "#0F638D",
  "#0F6590",
  "#0E6794",
  "#0E6997",
  "#0E6B9A",
  "#0E6D9D",
  "#0E6EA0",
  "#0E70A3",
  "#0E72A6",
  "#0F74A9",
  "#0F76AC",
  "#1078AE",
  "#1179B1",
  "#127BB4",
  "#137DB6",
  "#157FB8",
  "#1681BA",
  "#1883BD",
  "#1985BF",
  "#1B87C0",
  "#1D89C2",
  "#1F8AC4",
  "#218CC6",
  "#238EC7",
  "#2591C9",
  "#2893CA",
  "#2A95CB",
  "#2D97CD",
  "#2F99CE",
  "#329BCF",
  "#359DD0",
  "#379FD1",
  "#3AA1D2",
  "#3DA3D3",
  "#40A5D4",
  "#44A7D5",
  "#47AAD6",
  "#4AACD7",
  "#4DAED8",
  "#50B0D8",
  "#53B2D9",
  "#57B4DA",
  "#5AB6DA",
  "#5DB8DB",
  "#60BADC",
  "#64BCDC",
  "#67BEDD",
  "#6AC0DD",
  "#6DC2DE",
  "#70C4DE",
  "#74C6DE",
  "#77C8DF",
  "#7ACADF",
  "#7DCCE0",
  "#80CEE0",
  "#83D0E0",
  "#86D2E1",
  "#88D3E1",
  "#8BD5E1",
  "#8ED7E1",
  "#91D9E2",
  "#94DBE2",
  "#96DCE2",
  "#99DEE3",
  "#9BE0E3",
  "#9EE2E3",
  "#A1E4E3",
  "#A3E5E4",
  "#A6E7E4",
  "#A8E9E4",
  "#ABEBE5",
  "#ADEDE5",
  "#B0EFE6",
  "#B3F1E6",
  "#B5F3E6",
  "#B8F5E7",
  "#BAF7E7",
  "#BDF9E8",
  "#BFFBE8",
  "#C2FDE9"
)
