# R palette generated from JSON
palette <- c(
  "#46735C",
  "#46735B",
  "#47745B",
  "#47745A",
  "#47745A",
  "#487459",
  "#487559",
  "#487558",
  "#497557",
  "#497657",
  "#497656",
  "#4A7656",
  "#4A7755",
  "#4A7755",
  "#4B7854",
  "#4B7853",
  "#4B7853",
  "#4C7952",
  "#4C7952",
  "#4C7A51",
  "#4D7A50",
  "#4D7A50",
  "#4D7B4F",
  "#4D7B4F",
  "#4E7C4E",
  "#4E7C4D",
  "#4E7D4D",
  "#4F7D4C",
  "#4F7E4C",
  "#4F7E4B",
  "#4F7F4B",
  "#507F4A",
  "#508049",
  "#508049",
  "#508148",
  "#508248",
  "#508247",
  "#518346",
  "#518346",
  "#518445",
  "#518545",
  "#518544",
  "#518644",
  "#518743",
  "#518743",
  "#518842",
  "#518941",
  "#518941",
  "#508A40",
  "#508B40",
  "#508C3F",
  "#508C3F",
  "#508D3E",
  "#4F8E3D",
  "#4F8F3D",
  "#4F8F3C",
  "#4E903C",
  "#4E913B",
  "#4D923A",
  "#4C923A",
  "#4C9339",
  "#4B9438",
  "#4A9538",
  "#4A9637",
  "#499636",
  "#489735",
  "#479835",
  "#469934",
  "#459933",
  "#449A32",
  "#429B31",
  "#419C30",
  "#409D2F",
  "#3E9D2E",
  "#3D9E2D",
  "#3B9F2C",
  "#39A02B",
  "#37A12A",
  "#35A229",
  "#33A328",
  "#31A327",
  "#2FA426",
  "#2CA525",
  "#29A625",
  "#27A724",
  "#24A824",
  "#20A923",
  "#1DAA23",
  "#1AAB24",
  "#16AC24",
  "#13AD25",
  "#0FAE27",
  "#0DAF29",
  "#0CB02B",
  "#0BB12E",
  "#0CB230",
  "#0DB233",
  "#0FB335",
  "#11B438",
  "#13B43B",
  "#16B53D",
  "#18B640",
  "#1BB642",
  "#1DB745",
  "#1FB747",
  "#21B74A",
  "#23B84C",
  "#26B84F",
  "#27B951",
  "#29B953",
  "#2BB956",
  "#2DBA58",
  "#2FBA5A",
  "#31BA5C",
  "#32BB5E",
  "#34BB60",
  "#35BB62",
  "#37BC64",
  "#38BC66",
  "#3ABC68",
  "#3BBC6A",
  "#3DBD6C",
  "#3EBD6E",
  "#3FBD70",
  "#41BD72",
  "#42BE73",
  "#43BE75",
  "#45BE77",
  "#46BE79",
  "#47BE7A",
  "#48BF7C",
  "#49BF7E",
  "#4ABF7F",
  "#4BBF81",
  "#4CC082",
  "#4DC084",
  "#4EC086",
  "#4FC087",
  "#50C089",
  "#51C18A",
  "#52C18C",
  "#53C18D",
  "#53C18F",
  "#54C190",
  "#55C191",
  "#56C293",
  "#56C294",
  "#57C295",
  "#58C297",
  "#58C298",
  "#59C399",
  "#59C39B",
  "#5AC39C",
  "#5BC39D",
  "#5BC39F",
  "#5CC3A0",
  "#5CC4A1",
  "#5DC4A2",
  "#5DC4A3",
  "#5DC4A5",
  "#5EC4A6",
  "#5EC5A7",
  "#5EC5A8",
  "#5FC5A9",
  "#5FC5AA",
  "#5FC5AC",
  "#60C5AD",
  "#60C6AE",
  "#60C6AF",
  "#60C6B0",
  "#61C6B1",
  "#61C6B2",
  "#61C7B3",
  "#61C7B4",
  "#61C7B5",
  "#61C7B6",
  "#61C7B8",
  "#61C8B9",
  "#61C8BA",
  "#61C8BB",
  "#61C8BC",
  "#61C9BD",
  "#61C9BE",
  "#61C9BF",
  "#61C9C0",
  "#61CAC1",
  "#61CAC2",
  "#61CAC3",
  "#61CAC4",
  "#60CBC5",
  "#60CBC6",
  "#60CBC7",
  "#60CBC9",
  "#5FCCCA",
  "#5FCCCB",
  "#5FCCCC",
  "#5FCCCD",
  "#5ECDCE",
  "#5ECDCF",
  "#5DCDD0",
  "#5DCED2",
  "#5DCED3",
  "#5CCED4",
  "#5CCFD5",
  "#5BCFD6",
  "#5BD0D8",
  "#5AD0D9",
  "#59D0DA",
  "#59D1DB",
  "#58D1DD",
  "#57D2DE",
  "#57D2E0",
  "#56D3E1",
  "#55D3E2",
  "#54D4E4",
  "#54D4E5",
  "#53D5E7",
  "#52D6E8",
  "#51D6EA",
  "#51D7EB",
  "#50D8ED",
  "#50D8EF",
  "#4FD9F0",
  "#4FDAF2",
  "#4FDBF4",
  "#50DCF5",
  "#50DDF7",
  "#51DEF9",
  "#53DFFA",
  "#55E0FC",
  "#57E2FD",
  "#5AE3FE",
  "#5CE4FF",
  "#5EE5FF",
  "#61E6FF",
  "#63E7FF",
  "#65E7FF",
  "#68E8FF",
  "#6AE9FF",
  "#6DEAFF",
  "#6FEBFF",
  "#72EBFF",
  "#75ECFF",
  "#77EDFF",
  "#7AEEFF",
  "#7CEFFF",
  "#7FEFFF",
  "#81F0FF",
  "#84F1FF",
  "#86F2FF",
  "#89F2FF",
  "#8BF3FF",
  "#8DF4FF",
  "#90F5FF",
  "#92F5FF",
  "#94F6FF"
)
