# R palette generated from JSON
palette <- c(
  "#FFF28E",
  "#FFEF8C",
  "#FEEC8A",
  "#FEEA88",
  "#FEE786",
  "#FEE484",
  "#FEE282",
  "#FEDF80",
  "#FEDD7E",
  "#FEDA7D",
  "#FED87B",
  "#FDD579",
  "#FDD378",
  "#FDD076",
  "#FDCE74",
  "#FDCB73",
  "#FDC971",
  "#FDC670",
  "#FDC46E",
  "#FDC26D",
  "#FDBF6B",
  "#FCBD6A",
  "#FCBA69",
  "#FCB867",
  "#FCB566",
  "#FCB364",
  "#FBB063",
  "#FBAE61",
  "#FBAB60",
  "#FAA85F",
  "#FAA65D",
  "#F9A35C",
  "#F9A05A",
  "#F89E59",
  "#F79B58",
  "#F79856",
  "#F69655",
  "#F59354",
  "#F49052",
  "#F48D51",
  "#F38A50",
  "#F2874F",
  "#F1854D",
  "#F0824C",
  "#EE7F4B",
  "#ED7C4A",
  "#EC7949",
  "#EB7749",
  "#EA7448",
  "#E97147",
  "#E86E46",
  "#E66C46",
  "#E56945",
  "#E46645",
  "#E36444",
  "#E16144",
  "#E05E44",
  "#DF5C43",
  "#DD5943",
  "#DC5743",
  "#DA5443",
  "#D95243",
  "#D74F43",
  "#D54D43",
  "#D34B43",
  "#D14843",
  "#CF4643",
  "#CD4443",
  "#CB4243",
  "#C94043",
  "#C73E43",
  "#C43C44",
  "#C23B44",
  "#C03944",
  "#BD3744",
  "#BB3544",
  "#B83345",
  "#B63245",
  "#B33045",
  "#B12E45",
  "#AE2C46",
  "#AB2B46",
  "#A92946",
  "#A62746",
  "#A42546",
  "#A12346",
  "#9E2147",
  "#9C1F47",
  "#991D47",
  "#961B47",
  "#941947",
  "#911847",
  "#8E1647",
  "#8B1448",
  "#881248",
  "#851148",
  "#820F48",
  "#7F0E48",
  "#7C0D49",
  "#790C49",
  "#760B49",
  "#730B49",
  "#700A49",
  "#6C0A4A",
  "#69094A",
  "#66094A",
  "#62094A",
  "#5F094A",
  "#5C0A4A",
  "#580A4A",
  "#550A49",
  "#510B49",
  "#4E0C49",
  "#4A0C48",
  "#460D48",
  "#430D47",
  "#3F0E47",
  "#3C0E46",
  "#380F45",
  "#350F44",
  "#310F43",
  "#2E0F42",
  "#2A0F41",
  "#260F40",
  "#230E3E",
  "#1F0D3C",
  "#1B0B3A",
  "#180A38",
  "#180D39",
  "#1A103C",
  "#1B133E",
  "#1B1540",
  "#1C1841",
  "#1C1A43",
  "#1B1C44",
  "#1B1E45",
  "#1B2046",
  "#1A2247",
  "#1A2349",
  "#19254A",
  "#19274B",
  "#19294C",
  "#182A4D",
  "#182C4E",
  "#182E4F",
  "#173050",
  "#173151",
  "#173353",
  "#173554",
  "#173755",
  "#173856",
  "#173A57",
  "#183C58",
  "#183E59",
  "#183F5A",
  "#18415B",
  "#18435C",
  "#19455D",
  "#19465E",
  "#19485F",
  "#194A60",
  "#194B60",
  "#1A4D61",
  "#1A4F62",
  "#1A5163",
  "#1B5264",
  "#1B5464",
  "#1B5665",
  "#1C5766",
  "#1C5967",
  "#1D5B67",
  "#1E5D68",
  "#1E5F69",
  "#1F6069",
  "#20626A",
  "#20646B",
  "#21666C",
  "#22686C",
  "#236A6D",
  "#246B6E",
  "#266D6F",
  "#276F70",
  "#287170",
  "#297371",
  "#2B7572",
  "#2C7773",
  "#2D7974",
  "#2F7B74",
  "#307D75",
  "#327F76",
  "#338177",
  "#358377",
  "#368578",
  "#388679",
  "#398879",
  "#3A8A7A",
  "#3C8C7B",
  "#3D8E7B",
  "#3F907C",
  "#41927C",
  "#42947D",
  "#44977D",
  "#46997E",
  "#489B7E",
  "#4A9D7E",
  "#4C9F7E",
  "#4EA17E",
  "#50A37E",
  "#52A57E",
  "#55A77E",
  "#57A97E",
  "#5AAB7D",
  "#5CAD7D",
  "#5FAE7C",
  "#62B07C",
  "#64B27B",
  "#67B47B",
  "#6AB67A",
  "#6DB879",
  "#70BA78",
  "#73BC77",
  "#76BE76",
  "#79C075",
  "#7DC174",
  "#80C373",
  "#83C572",
  "#87C771",
  "#8AC96F",
  "#8ECB6E",
  "#91CD6D",
  "#95CE6B",
  "#99D06A",
  "#9CD268",
  "#A0D467",
  "#A4D565",
  "#A7D763",
  "#ABD962",
  "#AFDA60",
  "#B2DC5E",
  "#B6DE5C",
  "#BADF59",
  "#BEE157",
  "#C2E354",
  "#C5E452",
  "#C9E64F",
  "#CDE84C",
  "#D1E949",
  "#D5EB45",
  "#D9EC41",
  "#DCEE3D",
  "#E0F038",
  "#E4F133",
  "#E8F32D",
  "#ECF525",
  "#F0F61C",
  "#F4F80D"
)
