# R palette generated from JSON
palette <- c(
  "#1C3537",
  "#1C3638",
  "#1C3639",
  "#1C373A",
  "#1C383B",
  "#1C393C",
  "#1C393E",
  "#1C3A3F",
  "#1C3B40",
  "#1C3C41",
  "#1C3D42",
  "#1B3D43",
  "#1B3E45",
  "#1B3F46",
  "#1B4047",
  "#1B4148",
  "#1B4249",
  "#1B434A",
  "#1B434C",
  "#1B444D",
  "#1B454E",
  "#1B464F",
  "#1B4750",
  "#1B4852",
  "#1B4953",
  "#1B4A54",
  "#1B4B55",
  "#1B4C56",
  "#1B4C58",
  "#1B4D59",
  "#1B4E5A",
  "#1B4F5B",
  "#1B505C",
  "#1B515E",
  "#1B525F",
  "#1B5360",
  "#1B5461",
  "#1B5562",
  "#1B5664",
  "#1C5665",
  "#1C5766",
  "#1C5867",
  "#1C5969",
  "#1C5A6A",
  "#1C5B6B",
  "#1C5C6C",
  "#1C5D6D",
  "#1C5E6F",
  "#1C5F70",
  "#1C5F71",
  "#1C6072",
  "#1C6174",
  "#1C6275",
  "#1B6376",
  "#1B6477",
  "#1B6579",
  "#1B657A",
  "#1B667B",
  "#1B677C",
  "#1B687E",
  "#1B697F",
  "#1A6A80",
  "#1A6A81",
  "#1A6B83",
  "#1A6C84",
  "#196D85",
  "#196E86",
  "#196E88",
  "#186F89",
  "#18708A",
  "#18718B",
  "#17728D",
  "#17728E",
  "#16738F",
  "#167491",
  "#157592",
  "#157593",
  "#147694",
  "#147796",
  "#137897",
  "#137898",
  "#12799A",
  "#117A9B",
  "#117B9C",
  "#107B9E",
  "#0F7C9F",
  "#0E7DA0",
  "#0D7EA2",
  "#0D7EA3",
  "#0C7FA4",
  "#0B80A6",
  "#0A81A7",
  "#0981A8",
  "#0782AA",
  "#0683AB",
  "#0583AC",
  "#0484AE",
  "#0385AF",
  "#0286B0",
  "#0186B2",
  "#0087B3",
  "#0088B5",
  "#0089B6",
  "#0089B7",
  "#008AB9",
  "#008BBA",
  "#008CBB",
  "#008CBD",
  "#008DBE",
  "#008EC0",
  "#008FC1",
  "#0090C2",
  "#0091C4",
  "#0091C5",
  "#0092C7",
  "#0093C8",
  "#0094C9",
  "#0095CB",
  "#0096CC",
  "#0097CD",
  "#0098CF",
  "#0099D0",
  "#009AD1",
  "#009BD2",
  "#009CD4",
  "#009DD5",
  "#009ED6",
  "#019FD7",
  "#04A0D8",
  "#07A1D8",
  "#0AA2D9",
  "#0DA3DA",
  "#10A4DB",
  "#12A5DC",
  "#15A6DC",
  "#17A7DD",
  "#1AA8DE",
  "#1CA9DE",
  "#1EAADF",
  "#20ABDF",
  "#22ACE0",
  "#25ADE0",
  "#27AEE1",
  "#29AFE1",
  "#2BB0E2",
  "#2DB1E3",
  "#2FB2E3",
  "#31B3E4",
  "#33B4E4",
  "#35B5E5",
  "#37B6E5",
  "#39B7E6",
  "#3BB8E6",
  "#3EB9E7",
  "#40BAE8",
  "#42BBE8",
  "#44BCE9",
  "#46BDEA",
  "#49BEEA",
  "#4BC0EB",
  "#4DC1EC",
  "#50C2ED",
  "#52C3ED",
  "#55C4EE",
  "#57C5EF",
  "#5AC6EF",
  "#5CC7F0",
  "#5FC8F1",
  "#61C9F2",
  "#64CAF2",
  "#66CBF3",
  "#69CCF4",
  "#6CCDF4",
  "#6ECEF5",
  "#71CFF5",
  "#73D0F6",
  "#76D1F6",
  "#79D2F7",
  "#7BD3F7",
  "#7ED4F8",
  "#80D5F8",
  "#83D6F9",
  "#85D7F9",
  "#88D8F9",
  "#8AD9F9",
  "#8DDAFA",
  "#8FDBFA",
  "#92DBFA",
  "#94DCFA",
  "#96DDFA",
  "#99DEFB",
  "#9BDFFB",
  "#9DDFFB",
  "#A0E0FB",
  "#A2E1FB",
  "#A4E2FB",
  "#A6E2FB",
  "#A8E3FB",
  "#AAE4FB",
  "#ACE4FC",
  "#AEE5FC",
  "#B0E6FC",
  "#B2E6FC",
  "#B4E7FC",
  "#B6E8FC",
  "#B8E8FC",
  "#BAE9FC",
  "#BCEAFC",
  "#BEEAFC",
  "#C0EBFC",
  "#C1EBFC",
  "#C3ECFC",
  "#C5EDFC",
  "#C7EDFC",
  "#C8EEFC",
  "#CAEEFC",
  "#CCEFFC",
  "#CDEFFC",
  "#CFF0FC",
  "#D0F0FC",
  "#D2F1FC",
  "#D3F1FC",
  "#D5F2FC",
  "#D6F2FC",
  "#D8F3FC",
  "#D9F3FD",
  "#DBF4FD",
  "#DCF4FD",
  "#DEF5FD",
  "#DFF5FD",
  "#E0F6FD",
  "#E2F6FD",
  "#E3F6FD",
  "#E4F7FD",
  "#E6F7FD",
  "#E7F8FD",
  "#E8F8FD",
  "#E9F9FD",
  "#EBF9FD",
  "#ECF9FD",
  "#EDFAFD",
  "#EEFAFE",
  "#EFFAFE",
  "#F0FBFE",
  "#F2FBFE",
  "#F3FCFE",
  "#F4FCFE",
  "#F5FCFE",
  "#F6FDFE",
  "#F7FDFE",
  "#F8FDFE",
  "#F9FEFF",
  "#FAFEFF",
  "#FBFEFF",
  "#FCFFFF",
  "#FDFFFF"
)
