# R palette generated from JSON
palette <- c(
  "#020054",
  "#010254",
  "#000454",
  "#000654",
  "#000854",
  "#000A54",
  "#000C54",
  "#000E54",
  "#000F54",
  "#001154",
  "#001254",
  "#001454",
  "#001554",
  "#001654",
  "#011853",
  "#021953",
  "#031B53",
  "#051C53",
  "#071D53",
  "#091F52",
  "#0B2052",
  "#0D2152",
  "#0F2352",
  "#112451",
  "#132551",
  "#152651",
  "#172850",
  "#192950",
  "#1B2A50",
  "#1D2B4F",
  "#1E2C4F",
  "#202D4F",
  "#212E4E",
  "#232F4E",
  "#24304E",
  "#26314D",
  "#27324D",
  "#29334D",
  "#2A334D",
  "#2B344C",
  "#2D354C",
  "#2E364C",
  "#2F374C",
  "#31384B",
  "#32384B",
  "#33394B",
  "#343A4B",
  "#363B4B",
  "#373B4A",
  "#383C4A",
  "#393D4A",
  "#3B3E4A",
  "#3C3E4A",
  "#3D3F4A",
  "#3E4049",
  "#3F4049",
  "#404149",
  "#424249",
  "#434249",
  "#444349",
  "#454449",
  "#464449",
  "#474549",
  "#494649",
  "#4A4649",
  "#4B4749",
  "#4C4849",
  "#4D4849",
  "#4E4949",
  "#504A49",
  "#514A49",
  "#524B49",
  "#534C49",
  "#554C49",
  "#564D49",
  "#574E49",
  "#594E49",
  "#5A4F49",
  "#5B5049",
  "#5D5049",
  "#5E5149",
  "#605149",
  "#615249",
  "#635349",
  "#645349",
  "#665449",
  "#675549",
  "#695549",
  "#6A5649",
  "#6C5648",
  "#6D5748",
  "#6F5748",
  "#705848",
  "#725948",
  "#745948",
  "#755A48",
  "#775A47",
  "#795B47",
  "#7A5B47",
  "#7C5C47",
  "#7E5C46",
  "#7F5D46",
  "#815D46",
  "#835E45",
  "#845E45",
  "#865F45",
  "#886044",
  "#8A6044",
  "#8C6143",
  "#8D6143",
  "#8F6242",
  "#916242",
  "#936341",
  "#946441",
  "#966440",
  "#98653F",
  "#99663F",
  "#9B663E",
  "#9D673D",
  "#9E683D",
  "#A0683C",
  "#A1693B",
  "#A36A3B",
  "#A46B3A",
  "#A66B39",
  "#A76C38",
  "#A86D37",
  "#AA6E36",
  "#AB6F35",
  "#AC7035",
  "#AD7034",
  "#AE7133",
  "#AF7232",
  "#B07331",
  "#B17430",
  "#B2752F",
  "#B3762E",
  "#B4772D",
  "#B5782C",
  "#B5792B",
  "#B67A2A",
  "#B77B29",
  "#B77C28",
  "#B87D27",
  "#B97F26",
  "#B98025",
  "#BA8124",
  "#BA8224",
  "#BB8323",
  "#BB8422",
  "#BC8521",
  "#BC8720",
  "#BC8820",
  "#BD891F",
  "#BD8A1F",
  "#BD8B1E",
  "#BD8D1E",
  "#BE8E1D",
  "#BE8F1D",
  "#BE901D",
  "#BE911D",
  "#BE931D",
  "#BE941D",
  "#BE951D",
  "#BE961D",
  "#BE981E",
  "#BE991E",
  "#BE9A1F",
  "#BE9B20",
  "#BE9D20",
  "#BE9E21",
  "#BE9F22",
  "#BDA023",
  "#BDA224",
  "#BDA325",
  "#BDA426",
  "#BDA528",
  "#BCA729",
  "#BCA82A",
  "#BCA92C",
  "#BCAB2D",
  "#BCAC2F",
  "#BBAD31",
  "#BBAE32",
  "#BBB034",
  "#BAB136",
  "#BAB237",
  "#BAB339",
  "#BAB53B",
  "#B9B63D",
  "#B9B73F",
  "#B9B841",
  "#B8BA43",
  "#B8BB46",
  "#B8BC48",
  "#B7BD4A",
  "#B7BF4C",
  "#B7C04F",
  "#B7C151",
  "#B6C253",
  "#B6C456",
  "#B6C558",
  "#B5C65B",
  "#B5C75D",
  "#B5C960",
  "#B5CA62",
  "#B4CB65",
  "#B4CC67",
  "#B4CD6A",
  "#B4CF6D",
  "#B3D06F",
  "#B3D172",
  "#B3D275",
  "#B3D377",
  "#B2D57A",
  "#B2D67D",
  "#B2D77F",
  "#B2D882",
  "#B1D985",
  "#B1DA88",
  "#B1DB8A",
  "#B1DC8D",
  "#B1DE90",
  "#B0DF93",
  "#B0E095",
  "#B0E198",
  "#B0E29B",
  "#B0E39D",
  "#B0E4A0",
  "#B0E5A3",
  "#B0E6A6",
  "#B0E7A8",
  "#B0E8AB",
  "#B0E9AE",
  "#B0EAB0",
  "#B0EBB3",
  "#B0ECB6",
  "#B0EDB8",
  "#B0EEBB",
  "#B0EFBE",
  "#B0F0C0",
  "#B1F1C3",
  "#B1F2C6",
  "#B1F3C8",
  "#B2F4CB",
  "#B2F5CD",
  "#B2F6D0",
  "#B3F7D2",
  "#B3F8D5",
  "#B4F9D7",
  "#B5FADA",
  "#B5FBDC",
  "#B6FCDF",
  "#B7FDE1",
  "#B8FEE4",
  "#B9FFE6"
)
