# R palette generated from JSON
palette <- c(
  "#C4C2C0",
  "#C3C1BF",
  "#C1C0BF",
  "#C0BEBE",
  "#BEBDBE",
  "#BDBCBD",
  "#BBBBBD",
  "#BABABC",
  "#B9B8BC",
  "#B7B7BB",
  "#B6B6BB",
  "#B4B5BB",
  "#B3B4BA",
  "#B1B3BA",
  "#B0B1B9",
  "#AEB0B9",
  "#ADAFB8",
  "#ABAEB8",
  "#AAADB8",
  "#A8ACB7",
  "#A7AAB7",
  "#A5A9B6",
  "#A4A8B6",
  "#A2A7B6",
  "#A1A6B5",
  "#9FA4B5",
  "#9EA3B4",
  "#9CA2B4",
  "#9BA1B3",
  "#99A0B3",
  "#989EB3",
  "#969DB2",
  "#959CB2",
  "#939BB1",
  "#9299B1",
  "#9198B0",
  "#8F97B0",
  "#8E96AF",
  "#8C94AF",
  "#8B93AE",
  "#8A92AE",
  "#8891AE",
  "#878FAD",
  "#868EAD",
  "#848DAC",
  "#838CAC",
  "#828BAC",
  "#8089AC",
  "#7F88AB",
  "#7E87AB",
  "#7D86AB",
  "#7B85AB",
  "#7A84AB",
  "#7982AA",
  "#7781AA",
  "#7680AA",
  "#757FAA",
  "#737EA9",
  "#727DA9",
  "#717BA8",
  "#6F7AA8",
  "#6E79A7",
  "#6C78A6",
  "#6B76A5",
  "#6A75A4",
  "#6974A3",
  "#6773A1",
  "#6672A0",
  "#65709E",
  "#646F9C",
  "#636E9B",
  "#626D99",
  "#616C97",
  "#606B95",
  "#5F6A93",
  "#5E6991",
  "#5D688F",
  "#5C678D",
  "#5B668B",
  "#5A6589",
  "#596387",
  "#586285",
  "#576183",
  "#556081",
  "#545F80",
  "#535E7E",
  "#525D7C",
  "#515C7A",
  "#505B78",
  "#4F5976",
  "#4E5874",
  "#4D5772",
  "#4C5670",
  "#4B556F",
  "#4A546D",
  "#4A536B",
  "#495269",
  "#485167",
  "#475065",
  "#474F63",
  "#464D61",
  "#454C5F",
  "#454B5E",
  "#444A5C",
  "#43495A",
  "#434958",
  "#424856",
  "#424755",
  "#414653",
  "#404551",
  "#40444F",
  "#3F434E",
  "#3F424C",
  "#3E414B",
  "#3E4149",
  "#3D4047",
  "#3D3F46",
  "#3C3E44",
  "#3C3D43",
  "#3B3D41",
  "#3B3C40",
  "#3A3B3E",
  "#393A3D",
  "#39393B",
  "#38383A",
  "#373738",
  "#363637",
  "#343435",
  "#343433",
  "#353433",
  "#363634",
  "#383735",
  "#393836",
  "#3A3936",
  "#3B3A36",
  "#3C3A37",
  "#3D3B37",
  "#3E3C37",
  "#3F3D37",
  "#403D37",
  "#413E37",
  "#423F37",
  "#434037",
  "#444037",
  "#454137",
  "#464237",
  "#474237",
  "#484337",
  "#4A4437",
  "#4B4537",
  "#4C4537",
  "#4D4638",
  "#4E4738",
  "#4F4838",
  "#514938",
  "#524938",
  "#534A38",
  "#544B38",
  "#564C38",
  "#574D38",
  "#584E39",
  "#594F39",
  "#5B5039",
  "#5C5139",
  "#5D523A",
  "#5E533A",
  "#5F543B",
  "#61553B",
  "#62563C",
  "#63583D",
  "#64593D",
  "#655A3E",
  "#665B3F",
  "#675C40",
  "#685D40",
  "#695F41",
  "#6A6042",
  "#6B6143",
  "#6C6244",
  "#6D6344",
  "#6E6445",
  "#6F6646",
  "#6F6747",
  "#706848",
  "#716949",
  "#726A4A",
  "#736B4A",
  "#746C4B",
  "#756D4C",
  "#766F4D",
  "#77704E",
  "#78714E",
  "#78724F",
  "#797350",
  "#7A7451",
  "#7B7551",
  "#7C7652",
  "#7D7853",
  "#7E7954",
  "#7F7A54",
  "#807B55",
  "#817C55",
  "#827D56",
  "#837E56",
  "#847F57",
  "#858057",
  "#868158",
  "#878358",
  "#898459",
  "#8A8559",
  "#8B8659",
  "#8C875A",
  "#8D885A",
  "#8E895A",
  "#8F8B5A",
  "#908C5B",
  "#918D5B",
  "#928E5B",
  "#938F5C",
  "#94905C",
  "#95925D",
  "#96935D",
  "#98945E",
  "#99965F",
  "#9A9760",
  "#9B9861",
  "#9D9A63",
  "#9E9B65",
  "#A09C67",
  "#A19E68",
  "#A29F6A",
  "#A3A06D",
  "#A5A16F",
  "#A6A271",
  "#A7A373",
  "#A8A475",
  "#A9A577",
  "#ABA679",
  "#ACA77B",
  "#ADA87D",
  "#AEA97F",
  "#AFAA81",
  "#B0AB83",
  "#B1AC85",
  "#B2AD88",
  "#B3AE8A",
  "#B4AF8B",
  "#B6B08D",
  "#B7B18F",
  "#B8B291",
  "#B9B393",
  "#BAB495",
  "#BCB597",
  "#BDB699",
  "#BEB89B",
  "#C0B99D"
)
