# R palette generated from JSON
palette <- c(
  "#0B1F3A",
  "#0B203B",
  "#0C213C",
  "#0C223D",
  "#0D233E",
  "#0D233F",
  "#0E2440",
  "#0E2541",
  "#0E2642",
  "#0F2743",
  "#0F2844",
  "#102945",
  "#102A46",
  "#102B47",
  "#112C48",
  "#112C48",
  "#112D49",
  "#122E4A",
  "#122F4B",
  "#12304C",
  "#13314D",
  "#13324E",
  "#13334F",
  "#143450",
  "#143451",
  "#143551",
  "#153652",
  "#153753",
  "#153854",
  "#163955",
  "#163A55",
  "#163B56",
  "#163B57",
  "#173C58",
  "#173D58",
  "#173E59",
  "#173F5A",
  "#18405B",
  "#18405B",
  "#18415C",
  "#18425D",
  "#19435D",
  "#19445E",
  "#19455F",
  "#19455F",
  "#194660",
  "#1A4760",
  "#1A4861",
  "#1A4861",
  "#1A4962",
  "#1A4A62",
  "#1A4B63",
  "#1B4C64",
  "#1B4C64",
  "#1B4D64",
  "#1B4E65",
  "#1B4E65",
  "#1B4F66",
  "#1B5066",
  "#1B5167",
  "#1B5167",
  "#1C5267",
  "#1C5368",
  "#1C5368",
  "#1C5469",
  "#1C5569",
  "#1C5669",
  "#1C566A",
  "#1C576A",
  "#1C586A",
  "#1C586B",
  "#1C596B",
  "#1C5A6B",
  "#1C5A6C",
  "#1C5B6C",
  "#1C5C6C",
  "#1C5C6C",
  "#1C5D6D",
  "#1C5E6D",
  "#1C5E6D",
  "#1C5F6E",
  "#1C606E",
  "#1C606E",
  "#1C616E",
  "#1C626F",
  "#1C626F",
  "#1C636F",
  "#1C6470",
  "#1C6570",
  "#1C6570",
  "#1C6671",
  "#1C6771",
  "#1C6771",
  "#1C6871",
  "#1C6972",
  "#1C6972",
  "#1C6A72",
  "#1C6B73",
  "#1C6C73",
  "#1C6C73",
  "#1C6D74",
  "#1C6E74",
  "#1D6E74",
  "#1D6F75",
  "#1D7075",
  "#1D7175",
  "#1D7176",
  "#1D7276",
  "#1D7377",
  "#1D7477",
  "#1D7577",
  "#1D7578",
  "#1D7678",
  "#1D7779",
  "#1E7879",
  "#1E7879",
  "#1E797A",
  "#1E7A7A",
  "#1E7B7B",
  "#1E7C7B",
  "#1E7C7C",
  "#1F7D7C",
  "#1F7E7C",
  "#1F7F7D",
  "#1F807D",
  "#1F807E",
  "#1F817E",
  "#20827F",
  "#20837F",
  "#208480",
  "#208480",
  "#208581",
  "#208681",
  "#218782",
  "#218882",
  "#218983",
  "#218983",
  "#218A84",
  "#218B84",
  "#228C85",
  "#228D85",
  "#228E86",
  "#228F86",
  "#228F87",
  "#239087",
  "#239188",
  "#239288",
  "#239389",
  "#249489",
  "#24958A",
  "#24968A",
  "#24978B",
  "#25988C",
  "#25988C",
  "#26998D",
  "#269A8D",
  "#269B8E",
  "#279C8E",
  "#279D8F",
  "#289E90",
  "#299F90",
  "#29A091",
  "#2AA191",
  "#2AA292",
  "#2BA393",
  "#2CA493",
  "#2DA594",
  "#2EA694",
  "#2FA795",
  "#30A896",
  "#31A996",
  "#32AA97",
  "#33AB97",
  "#34AC98",
  "#35AD99",
  "#36AE99",
  "#38AF9A",
  "#39B09A",
  "#3AB19B",
  "#3CB29C",
  "#3DB39C",
  "#3FB49D",
  "#40B59E",
  "#42B69F",
  "#43B89F",
  "#45B9A0",
  "#47BAA1",
  "#48BBA2",
  "#4ABCA2",
  "#4CBDA3",
  "#4EBEA4",
  "#50BFA5",
  "#52C0A6",
  "#54C1A7",
  "#56C2A8",
  "#58C3A8",
  "#5AC4A9",
  "#5CC6AA",
  "#5EC7AB",
  "#60C8AD",
  "#63C9AE",
  "#65CAAF",
  "#67CBB0",
  "#69CCB1",
  "#6CCDB2",
  "#6ECEB3",
  "#70CFB4",
  "#72D0B5",
  "#75D1B6",
  "#77D2B8",
  "#79D3B9",
  "#7CD4BA",
  "#7ED4BB",
  "#80D5BC",
  "#82D6BD",
  "#85D7BE",
  "#87D8C0",
  "#89D9C1",
  "#8BDAC2",
  "#8EDBC3",
  "#90DBC4",
  "#92DCC5",
  "#94DDC6",
  "#96DEC7",
  "#99DEC9",
  "#9BDFCA",
  "#9DE0CB",
  "#9FE1CC",
  "#A1E1CD",
  "#A3E2CE",
  "#A5E3CF",
  "#A7E3D0",
  "#A9E4D1",
  "#ABE4D2",
  "#ADE5D3",
  "#AFE6D4",
  "#B0E6D5",
  "#B2E7D5",
  "#B4E7D6",
  "#B6E8D7",
  "#B8E8D8",
  "#B9E9D9",
  "#BBE9DA",
  "#BDEADA",
  "#BEEADB",
  "#C0EBDC",
  "#C2EBDD",
  "#C3ECDE",
  "#C5ECDE",
  "#C6EDDF",
  "#C8EDE0",
  "#C9EDE0",
  "#CBEEE1",
  "#CCEEE2",
  "#CEEFE2",
  "#CFEFE3"
)
