# R palette generated from JSON
palette <- c(
  "#F5E40C",
  "#F5E10E",
  "#F4DF10",
  "#F4DC12",
  "#F4D913",
  "#F3D714",
  "#F3D415",
  "#F3D216",
  "#F2CF17",
  "#F2CD18",
  "#F1CA19",
  "#F1C819",
  "#F0C51A",
  "#F0C31B",
  "#EFC01B",
  "#EFBE1B",
  "#EEBB1C",
  "#EEB91C",
  "#EDB71C",
  "#ECB41D",
  "#ECB21D",
  "#EBB01D",
  "#EAAD1D",
  "#EAAB1D",
  "#E9A91D",
  "#E8A71D",
  "#E8A41D",
  "#E7A21D",
  "#E6A01D",
  "#E59E1D",
  "#E59B1D",
  "#E4991D",
  "#E3971D",
  "#E3951D",
  "#E2921C",
  "#E1901C",
  "#E08E1C",
  "#E08C1C",
  "#DF891B",
  "#DE871B",
  "#DD851B",
  "#DD831A",
  "#DC811A",
  "#DB7E19",
  "#DB7C19",
  "#DA7A18",
  "#D97818",
  "#D97517",
  "#D87317",
  "#D87116",
  "#D76F16",
  "#D66C15",
  "#D66A15",
  "#D56815",
  "#D46514",
  "#D36314",
  "#D36114",
  "#D25E14",
  "#D15C13",
  "#D05A13",
  "#CF5813",
  "#CE5514",
  "#CD5314",
  "#CC5114",
  "#CB4F14",
  "#C94C15",
  "#C84A15",
  "#C64816",
  "#C54617",
  "#C34417",
  "#C14218",
  "#BF4019",
  "#BD3F1A",
  "#BA3D1B",
  "#B73C1C",
  "#B53B1D",
  "#B23A1E",
  "#AE3A1F",
  "#AB3920",
  "#A83921",
  "#A43922",
  "#A13923",
  "#9D3924",
  "#9A3925",
  "#963926",
  "#933927",
  "#8F3927",
  "#8C3928",
  "#883929",
  "#853929",
  "#82392A",
  "#7E392B",
  "#7B392B",
  "#78392B",
  "#75392C",
  "#71392C",
  "#6E382C",
  "#6B382D",
  "#68372D",
  "#65372D",
  "#63372D",
  "#60362D",
  "#5D362D",
  "#5A352D",
  "#58342C",
  "#55342C",
  "#52332C",
  "#50332C",
  "#4D322C",
  "#4B312B",
  "#49312B",
  "#46302B",
  "#44302B",
  "#422F2B",
  "#402F2A",
  "#3E2E2A",
  "#3C2D2A",
  "#3A2D2A",
  "#382C29",
  "#362C29",
  "#342B29",
  "#322A28",
  "#302928",
  "#2E2927",
  "#2C2827",
  "#2A2726",
  "#272525",
  "#252323",
  "#222322",
  "#222422",
  "#232624",
  "#242825",
  "#252926",
  "#262B27",
  "#262C27",
  "#272D28",
  "#272E29",
  "#282F29",
  "#28302A",
  "#28322A",
  "#29332B",
  "#29342B",
  "#29352B",
  "#29362C",
  "#2A372C",
  "#2A382D",
  "#2A3A2D",
  "#2A3B2D",
  "#2B3C2E",
  "#2B3D2E",
  "#2B3F2E",
  "#2C402F",
  "#2C412F",
  "#2C432F",
  "#2C4430",
  "#2D4530",
  "#2D4730",
  "#2D4831",
  "#2D4A31",
  "#2E4B31",
  "#2E4C31",
  "#2E4E32",
  "#2E4F32",
  "#2F5132",
  "#2F5232",
  "#2F5432",
  "#2F5632",
  "#2F5732",
  "#305932",
  "#305A32",
  "#305C32",
  "#305D32",
  "#305F32",
  "#306132",
  "#316232",
  "#316432",
  "#316632",
  "#316732",
  "#316932",
  "#316B33",
  "#326D33",
  "#326E34",
  "#327034",
  "#327235",
  "#327436",
  "#337637",
  "#337739",
  "#33793A",
  "#347B3C",
  "#347D3D",
  "#347E3F",
  "#358041",
  "#358243",
  "#358345",
  "#368547",
  "#36874A",
  "#37884C",
  "#378A4E",
  "#388B50",
  "#388D53",
  "#398E55",
  "#399058",
  "#3A915A",
  "#3A935D",
  "#3B9460",
  "#3B9662",
  "#3C9765",
  "#3D9968",
  "#3D9A6A",
  "#3E9C6D",
  "#3E9D70",
  "#3F9F72",
  "#40A075",
  "#40A278",
  "#41A37B",
  "#42A47D",
  "#43A680",
  "#43A783",
  "#44A986",
  "#45AA88",
  "#46AC8B",
  "#47AE8E",
  "#47AF91",
  "#48B193",
  "#49B296",
  "#4AB499",
  "#4BB69C",
  "#4BB89E",
  "#4CBAA1",
  "#4DBBA4",
  "#4DBDA7",
  "#4DBFA9",
  "#4EC2AC",
  "#4EC4AF",
  "#4EC6B2",
  "#4DC9B4",
  "#4DCBB7",
  "#4CCEB9",
  "#4BD0BC",
  "#4AD3BE",
  "#48D5C0",
  "#47D8C2",
  "#45DAC4",
  "#43DDC6",
  "#41E0C9",
  "#3FE2CB",
  "#3CE5CD",
  "#39E8CF",
  "#35EBD1",
  "#32EDD3",
  "#2DF0D5",
  "#28F3D7",
  "#23F6D9",
  "#1CF9DB",
  "#12FCDE",
  "#03FFE0"
)
