# R palette generated from JSON
palette <- c(
  "#1B0D05",
  "#1B0E07",
  "#1C0F09",
  "#1C110B",
  "#1D120D",
  "#1D130E",
  "#1E1410",
  "#1E1511",
  "#1F1512",
  "#1F1614",
  "#201715",
  "#201816",
  "#211917",
  "#211A18",
  "#221A19",
  "#221B19",
  "#231C1A",
  "#231D1B",
  "#241E1C",
  "#241E1D",
  "#251F1E",
  "#25201F",
  "#262120",
  "#262220",
  "#272221",
  "#272322",
  "#282423",
  "#282524",
  "#292625",
  "#292625",
  "#2A2726",
  "#2A2827",
  "#2B2928",
  "#2B2A29",
  "#2C2A2A",
  "#2C2B2A",
  "#2D2C2B",
  "#2D2D2C",
  "#2E2E2D",
  "#2E2E2E",
  "#2F2F2F",
  "#2F302F",
  "#303130",
  "#313231",
  "#313332",
  "#323433",
  "#323434",
  "#333535",
  "#343636",
  "#343737",
  "#353838",
  "#363939",
  "#373A3A",
  "#373B3B",
  "#383C3C",
  "#393D3D",
  "#3A3E3E",
  "#3B3F3F",
  "#3C4040",
  "#3D4141",
  "#3D4142",
  "#3E4243",
  "#3F4344",
  "#404445",
  "#414545",
  "#424646",
  "#434747",
  "#444748",
  "#454849",
  "#46494A",
  "#474A4B",
  "#484B4C",
  "#494B4D",
  "#4A4C4E",
  "#4B4D4F",
  "#4C4E4F",
  "#4D4F50",
  "#4D4F51",
  "#4E5052",
  "#4F5153",
  "#505254",
  "#515354",
  "#525355",
  "#535456",
  "#545557",
  "#555658",
  "#565659",
  "#575759",
  "#58585A",
  "#59595B",
  "#5A5A5C",
  "#5B5B5C",
  "#5C5B5D",
  "#5D5C5E",
  "#5D5D5F",
  "#5E5E5F",
  "#5F5F60",
  "#606061",
  "#616062",
  "#626162",
  "#636263",
  "#636364",
  "#646464",
  "#656465",
  "#666566",
  "#676666",
  "#686767",
  "#686868",
  "#696868",
  "#6A6969",
  "#6B6A6A",
  "#6B6B6A",
  "#6C6C6B",
  "#6D6C6C",
  "#6E6D6C",
  "#6F6E6D",
  "#6F6F6E",
  "#706F6E",
  "#71706F",
  "#727170",
  "#737271",
  "#737371",
  "#747372",
  "#757473",
  "#767574",
  "#777674",
  "#787675",
  "#787776",
  "#797877",
  "#7A7978",
  "#7B7978",
  "#7C7A79",
  "#7C7B7A",
  "#7D7C7B",
  "#7E7C7C",
  "#7F7D7D",
  "#807E7D",
  "#817E7E",
  "#817F7F",
  "#828080",
  "#838181",
  "#848182",
  "#858283",
  "#868383",
  "#878484",
  "#878485",
  "#888586",
  "#898687",
  "#8A8788",
  "#8B8789",
  "#8C888A",
  "#8D898B",
  "#8E8A8B",
  "#8F8B8C",
  "#908B8D",
  "#918C8E",
  "#928D8F",
  "#938E90",
  "#948F91",
  "#959092",
  "#969192",
  "#979293",
  "#979394",
  "#989395",
  "#999495",
  "#9A9596",
  "#9B9697",
  "#9C9797",
  "#9D9898",
  "#9E9999",
  "#9F9A99",
  "#A09B9A",
  "#A19B9B",
  "#A29C9B",
  "#A29D9C",
  "#A39E9C",
  "#A49F9D",
  "#A5A09D",
  "#A6A09E",
  "#A7A19E",
  "#A7A29F",
  "#A8A39F",
  "#A9A4A0",
  "#AAA5A0",
  "#ABA6A1",
  "#ACA6A1",
  "#ACA7A2",
  "#ADA8A2",
  "#AEA9A3",
  "#AFAAA3",
  "#B0ABA4",
  "#B1ACA4",
  "#B2ADA5",
  "#B2ADA6",
  "#B3AEA6",
  "#B4AFA7",
  "#B5B0A7",
  "#B6B1A8",
  "#B7B2A9",
  "#B8B3A9",
  "#B9B4AA",
  "#BAB5AB",
  "#BBB6AB",
  "#BCB7AC",
  "#BDB8AD",
  "#BEB9AD",
  "#BFBAAE",
  "#C0BBAF",
  "#C1BDB0",
  "#C3BEB0",
  "#C4BFB1",
  "#C5C0B2",
  "#C6C1B3",
  "#C7C2B4",
  "#C9C3B5",
  "#CAC4B6",
  "#CBC6B7",
  "#CCC7B8",
  "#CEC8B9",
  "#CFC9BA",
  "#D0CABB",
  "#D2CBBC",
  "#D3CDBD",
  "#D5CEBE",
  "#D6CFBF",
  "#D7D0C0",
  "#D9D1C1",
  "#DAD2C2",
  "#DCD3C3",
  "#DDD4C4",
  "#DED5C5",
  "#E0D6C6",
  "#E1D7C7",
  "#E2D8C8",
  "#E4D9C9",
  "#E5DACA",
  "#E6DBCA",
  "#E8DCCB",
  "#E9DDCC",
  "#EADDCD",
  "#EBDECE",
  "#EDDFCF",
  "#EEE0D0",
  "#EFE0D1",
  "#F0E1D1",
  "#F2E2D2",
  "#F3E2D3",
  "#F4E3D4",
  "#F5E4D5",
  "#F6E4D5",
  "#F7E5D6",
  "#F8E6D7",
  "#FAE6D8",
  "#FBE7D9",
  "#FCE7D9",
  "#FDE8DA"
)
