# R palette generated from JSON
palette <- c(
  "#1793E3",
  "#0A93E3",
  "#0094E3",
  "#0096E3",
  "#0097E2",
  "#0098E2",
  "#0099E1",
  "#009AE1",
  "#009BE0",
  "#009CDF",
  "#009DDF",
  "#009EDE",
  "#009FDD",
  "#009FDC",
  "#13A0DC",
  "#23A0DC",
  "#2DA1DB",
  "#35A1DB",
  "#3CA1DB",
  "#42A1DB",
  "#48A1DA",
  "#4DA1DA",
  "#51A1DA",
  "#55A2D9",
  "#59A2D9",
  "#5DA2D9",
  "#60A2D8",
  "#63A2D8",
  "#67A2D8",
  "#6AA2D7",
  "#6DA2D7",
  "#6FA2D6",
  "#72A3D6",
  "#75A3D5",
  "#77A3D5",
  "#7AA3D4",
  "#7CA4D4",
  "#7EA4D3",
  "#81A4D3",
  "#83A5D2",
  "#85A5D1",
  "#87A6D0",
  "#89A6D0",
  "#8BA7CF",
  "#8DA8CE",
  "#8EA9CD",
  "#8EAACD",
  "#8FABCC",
  "#8FABCC",
  "#8FACCB",
  "#8FADCB",
  "#90ADCA",
  "#90AECA",
  "#90AFCA",
  "#90AFC9",
  "#90B0C9",
  "#90B0C9",
  "#90B1C8",
  "#90B1C8",
  "#8FB2C7",
  "#8FB2C7",
  "#8FB3C7",
  "#8FB4C6",
  "#8FB4C6",
  "#8FB5C6",
  "#8FB5C5",
  "#8FB6C5",
  "#8FB6C5",
  "#8FB7C4",
  "#8FB7C4",
  "#8FB8C4",
  "#8FB9C3",
  "#8FB9C3",
  "#8FBAC3",
  "#8FBAC2",
  "#8FBBC2",
  "#8FBBC2",
  "#8EBCC1",
  "#8EBCC1",
  "#8EBDC1",
  "#8EBEC0",
  "#8DBEC0",
  "#8DBFC0",
  "#8DBFBF",
  "#8CC0BF",
  "#8CC0BF",
  "#8BC1BE",
  "#8BC2BE",
  "#8AC2BE",
  "#8AC3BD",
  "#89C4BD",
  "#88C4BC",
  "#88C5BC",
  "#87C5BC",
  "#87C6BB",
  "#86C7BA",
  "#86C7BA",
  "#85C8B9",
  "#84C9B9",
  "#84C9B8",
  "#83CAB8",
  "#83CBB7",
  "#83CCB6",
  "#82CCB6",
  "#82CDB5",
  "#82CEB4",
  "#82CFB3",
  "#82D0B3",
  "#83D0B2",
  "#84D1B2",
  "#86D3B2",
  "#89D4B2",
  "#8CD4B3",
  "#90D5B4",
  "#93D5B6",
  "#95D5B7",
  "#98D5B8",
  "#9AD5BA",
  "#9CD6BB",
  "#9ED6BC",
  "#A0D6BE",
  "#A2D6BF",
  "#A3D6C0",
  "#A5D6C1",
  "#A6D6C3",
  "#A8D6C4",
  "#A9D6C5",
  "#ABD6C6",
  "#ACD6C7",
  "#ADD6C8",
  "#AFD6C9",
  "#B0D6CA",
  "#B1D6CB",
  "#B3D6CC",
  "#B4D6CD",
  "#B5D6CE",
  "#B6D6CF",
  "#B7D6D0",
  "#B8D6D0",
  "#B9D6D1",
  "#BBD6D2",
  "#BCD7D3",
  "#BDD7D4",
  "#BED7D5",
  "#BFD7D6",
  "#C0D7D7",
  "#C1D7D8",
  "#C1D8D9",
  "#C2D8DA",
  "#C3D8DB",
  "#C3D9DD",
  "#C3D9DE",
  "#C4D9DF",
  "#C4DAE1",
  "#C4DAE2",
  "#C4DAE3",
  "#C5DBE5",
  "#C5DBE6",
  "#C5DBE7",
  "#C6DBE8",
  "#C6DBE9",
  "#C6DBEA",
  "#C7DBEB",
  "#C7DBEC",
  "#C8DCED",
  "#C8DCEE",
  "#C9DCEF",
  "#CADCF0",
  "#CADCF1",
  "#CBDCF2",
  "#CCDCF2",
  "#CCDCF3",
  "#CDDCF4",
  "#CEDCF4",
  "#CFDBF5",
  "#CFDBF5",
  "#D0DBF6",
  "#D1DBF6",
  "#D2DBF7",
  "#D3DBF7",
  "#D4DBF8",
  "#D5DBF8",
  "#D5DBF9",
  "#D6DBF9",
  "#D7DBFA",
  "#D8DBFA",
  "#D9DAFA",
  "#DADAFA",
  "#DCDAFB",
  "#DDDAFB",
  "#DEDAFB",
  "#DFDAFC",
  "#E0DAFC",
  "#E1DAFC",
  "#E3D9FC",
  "#E4D9FC",
  "#E5D9FC",
  "#E7D9FC",
  "#E8D9FC",
  "#E9D9FC",
  "#EBD8FC",
  "#ECD8FC",
  "#EED8FC",
  "#EFD8FC",
  "#F1D8FC",
  "#F3D8FC",
  "#F4D8FC",
  "#F6D8FC",
  "#F8D8FB",
  "#FAD8FB",
  "#FBD8FB",
  "#FDD8FB",
  "#FFD9FB",
  "#FFDAFB",
  "#FFDCFC",
  "#FFDDFD",
  "#FFDFFE",
  "#FFE0FE",
  "#FFE2FF",
  "#FEE3FF",
  "#FEE4FF",
  "#FDE5FF",
  "#FDE6FF",
  "#FCE6FF",
  "#FCE7FF",
  "#FCE8FF",
  "#FBE9FE",
  "#FBEAFE",
  "#FBEAFE",
  "#FBEBFE",
  "#FBECFD",
  "#FBECFD",
  "#FBEDFC",
  "#FBEEFC",
  "#FBEEFC",
  "#FBEFFB",
  "#FBF0FB",
  "#FBF0FA",
  "#FBF1FA",
  "#FBF1F9",
  "#FBF2F9",
  "#FBF2F9",
  "#FBF3F9",
  "#FBF4F8",
  "#FBF4F8",
  "#FBF5F8",
  "#FBF5F8",
  "#FBF6F8",
  "#FBF7F8",
  "#FBF7F8",
  "#FAF8F8",
  "#FAF8F9",
  "#FAF9F9",
  "#FAFAFA",
  "#FDFDFD",
  "#FFFFFF"
)
