# R palette generated from JSON
palette <- c(
  "#673AB7",
  "#683CB8",
  "#6A3EB8",
  "#6B3FB9",
  "#6C41B9",
  "#6D43BA",
  "#6F44BA",
  "#7046BB",
  "#7148BB",
  "#7349BC",
  "#744BBD",
  "#754CBD",
  "#764EBE",
  "#774FBE",
  "#7951BF",
  "#7A52C0",
  "#7B54C0",
  "#7C55C1",
  "#7D57C1",
  "#7E58C2",
  "#7F5AC2",
  "#815BC3",
  "#825CC4",
  "#835EC4",
  "#845FC5",
  "#8561C5",
  "#8662C6",
  "#8763C6",
  "#8865C7",
  "#8966C7",
  "#8A67C8",
  "#8B69C8",
  "#8D6AC9",
  "#8E6CC9",
  "#8F6DCA",
  "#906ECA",
  "#9170CB",
  "#9271CB",
  "#9373CC",
  "#9474CC",
  "#9576CD",
  "#9677CD",
  "#9778CD",
  "#987ACE",
  "#997BCE",
  "#9A7DCE",
  "#9B7ECF",
  "#9C80CF",
  "#9D81CF",
  "#9F83D0",
  "#A084D0",
  "#A186D0",
  "#A287D0",
  "#A389D1",
  "#A48AD1",
  "#A58CD1",
  "#A68DD1",
  "#A78FD1",
  "#A890D2",
  "#A991D2",
  "#AA93D2",
  "#AB94D2",
  "#AC96D3",
  "#AD97D3",
  "#AE99D3",
  "#AF9AD4",
  "#B09CD4",
  "#B19DD4",
  "#B29FD5",
  "#B3A0D5",
  "#B4A2D5",
  "#B5A3D6",
  "#B6A5D6",
  "#B8A7D7",
  "#B9A8D7",
  "#BAAAD7",
  "#BBABD8",
  "#BCADD8",
  "#BDAED9",
  "#BEB0D9",
  "#BFB1DA",
  "#C0B3DA",
  "#C2B4DB",
  "#C3B6DB",
  "#C4B7DB",
  "#C5B8DC",
  "#C6BADC",
  "#C7BBDD",
  "#C8BDDD",
  "#C9BEDE",
  "#CAC0DE",
  "#CBC1DE",
  "#CDC3DF",
  "#CEC4DF",
  "#CFC6E0",
  "#D0C7E0",
  "#D1C8E1",
  "#D2CAE1",
  "#D3CBE2",
  "#D4CDE3",
  "#D6CEE3",
  "#D7D0E4",
  "#D8D1E4",
  "#D9D3E5",
  "#DAD4E6",
  "#DBD6E6",
  "#DDD7E7",
  "#DED8E7",
  "#DFDAE8",
  "#E0DBE9",
  "#E1DDE9",
  "#E2DEEA",
  "#E3DFEA",
  "#E4E0EA",
  "#E5E2EB",
  "#E6E3EB",
  "#E7E4EC",
  "#E8E5EC",
  "#E9E6ED",
  "#EAE8ED",
  "#EAE9ED",
  "#EBEAEE",
  "#ECEBEE",
  "#EEEDEF",
  "#EFEEF0",
  "#F0F0F1",
  "#F2F1F2",
  "#F4F4F4",
  "#F5F5F4",
  "#F5F5F2",
  "#F4F4F0",
  "#F4F3EF",
  "#F4F3EE",
  "#F4F3ED",
  "#F3F3EC",
  "#F3F2EB",
  "#F3F2EA",
  "#F3F2E9",
  "#F3F2E8",
  "#F3F1E7",
  "#F2F1E6",
  "#F2F1E4",
  "#F2F1E3",
  "#F2F0E2",
  "#F2F0E1",
  "#F2F0E0",
  "#F2F0DF",
  "#F1EFDD",
  "#F1EFDC",
  "#F1EFDB",
  "#F1EFDA",
  "#F1EED8",
  "#F0EED7",
  "#F0EED6",
  "#F0EDD4",
  "#F0EDD3",
  "#F0EDD2",
  "#F0ECD0",
  "#EFECCF",
  "#EFECCD",
  "#EFEBCC",
  "#EFEBCA",
  "#EFEBC9",
  "#EEEBC7",
  "#EEEAC6",
  "#EEEAC4",
  "#EEEAC2",
  "#EEE9C1",
  "#EEE9BF",
  "#EDE9BD",
  "#EDE8BC",
  "#EDE8BA",
  "#EDE8B8",
  "#EDE7B7",
  "#EDE7B5",
  "#ECE7B3",
  "#ECE6B1",
  "#ECE6AF",
  "#ECE6AD",
  "#ECE5AB",
  "#ECE5AA",
  "#ECE5A8",
  "#EBE5A6",
  "#EBE4A4",
  "#EBE4A2",
  "#EBE49F",
  "#EBE39D",
  "#EBE39B",
  "#EBE399",
  "#EBE397",
  "#EBE295",
  "#EAE292",
  "#EAE290",
  "#EAE18E",
  "#EAE18B",
  "#EAE189",
  "#EAE086",
  "#EAE084",
  "#EAE081",
  "#EADF7F",
  "#EADF7C",
  "#EADF79",
  "#EADE77",
  "#EADE74",
  "#E9DE71",
  "#E9DD6E",
  "#E9DD6B",
  "#E9DD68",
  "#E9DC65",
  "#E9DC62",
  "#E9DC5E",
  "#E9DC5B",
  "#E9DB57",
  "#E9DB54",
  "#E9DB50",
  "#E9DA4C",
  "#E9DA48",
  "#E9D944",
  "#E8D93F",
  "#E9D93A",
  "#E9D835",
  "#E9D831",
  "#E9D72C",
  "#E9D627",
  "#EAD523",
  "#EAD520",
  "#EBD41E",
  "#EBD31D",
  "#ECD21D",
  "#EDD21D",
  "#EDD11D",
  "#EED01E",
  "#EFD01F",
  "#EFCF20",
  "#F0CE22",
  "#F1CE23",
  "#F1CD24",
  "#F2CC26",
  "#F2CC27",
  "#F3CB28",
  "#F4CA29",
  "#F4CA2A",
  "#F5C92C",
  "#F5C92D",
  "#F6C82E",
  "#F6C72F",
  "#F7C72F",
  "#F7C630",
  "#F8C531",
  "#F8C531",
  "#F9C432",
  "#F9C332",
  "#FAC332",
  "#FAC231",
  "#FBC130",
  "#FBC02D"
)
