# R palette generated from JSON
palette <- c(
  "#1F6399",
  "#1E649A",
  "#1E649C",
  "#1D659D",
  "#1C669F",
  "#1C67A0",
  "#1B68A1",
  "#1B68A2",
  "#1A69A3",
  "#196AA4",
  "#196BA5",
  "#186BA6",
  "#186CA7",
  "#176DA8",
  "#176EA9",
  "#176FAA",
  "#166FAB",
  "#1670AB",
  "#1671AC",
  "#1672AD",
  "#1572AD",
  "#1573AE",
  "#1574AF",
  "#1575AF",
  "#1575B0",
  "#1576B0",
  "#1577B1",
  "#1678B1",
  "#1678B1",
  "#1679B2",
  "#167AB2",
  "#177BB2",
  "#177BB3",
  "#177CB3",
  "#187DB3",
  "#187DB3",
  "#197EB4",
  "#197FB4",
  "#1A7FB4",
  "#1A80B4",
  "#1B81B4",
  "#1C82B5",
  "#1C82B5",
  "#1D83B5",
  "#1D84B5",
  "#1E84B5",
  "#1F85B5",
  "#1F85B5",
  "#2086B5",
  "#2187B5",
  "#2287B5",
  "#2288B5",
  "#2389B5",
  "#2489B5",
  "#248AB5",
  "#258BB5",
  "#268BB5",
  "#278CB5",
  "#278CB5",
  "#288DB5",
  "#298EB5",
  "#2A8EB5",
  "#2A8FB5",
  "#2B8FB5",
  "#2C90B4",
  "#2D90B4",
  "#2D91B4",
  "#2E92B4",
  "#2F92B4",
  "#2F93B4",
  "#3093B4",
  "#3194B4",
  "#3294B4",
  "#3295B3",
  "#3395B3",
  "#3496B3",
  "#3497B3",
  "#3597B3",
  "#3698B3",
  "#3698B3",
  "#3799B3",
  "#3899B3",
  "#389AB2",
  "#399AB2",
  "#3A9BB2",
  "#3A9CB2",
  "#3B9CB2",
  "#3C9DB2",
  "#3C9DB2",
  "#3D9EB2",
  "#3D9EB2",
  "#3E9FB2",
  "#3EA0B2",
  "#3FA0B2",
  "#40A1B2",
  "#40A1B1",
  "#41A2B1",
  "#41A2B1",
  "#42A3B1",
  "#42A4B1",
  "#43A4B1",
  "#43A5B1",
  "#44A5B1",
  "#44A6B2",
  "#45A7B2",
  "#45A7B2",
  "#46A8B2",
  "#46A9B2",
  "#47A9B2",
  "#47AAB2",
  "#48ABB2",
  "#48ABB2",
  "#49ACB2",
  "#4AADB3",
  "#4AADB3",
  "#4BAEB3",
  "#4CAFB3",
  "#4DB0B3",
  "#4EB0B4",
  "#4FB1B4",
  "#50B2B4",
  "#51B3B4",
  "#52B3B4",
  "#53B4B5",
  "#55B5B5",
  "#56B5B5",
  "#58B6B5",
  "#59B7B5",
  "#5BB8B5",
  "#5DB8B6",
  "#5EB9B6",
  "#60B9B6",
  "#62BAB6",
  "#64BBB6",
  "#66BBB6",
  "#68BCB6",
  "#6ABCB6",
  "#6CBDB6",
  "#6EBDB6",
  "#6FBEB6",
  "#71BEB6",
  "#73BEB6",
  "#75BFB6",
  "#77BFB6",
  "#79C0B6",
  "#7AC0B6",
  "#7CC0B6",
  "#7EC1B6",
  "#80C1B6",
  "#81C2B6",
  "#83C2B6",
  "#85C2B6",
  "#86C3B6",
  "#88C3B6",
  "#89C3B6",
  "#8BC4B6",
  "#8CC4B6",
  "#8EC4B6",
  "#8FC5B6",
  "#91C5B6",
  "#92C5B6",
  "#94C6B6",
  "#95C6B6",
  "#97C6B6",
  "#98C7B6",
  "#9AC7B6",
  "#9BC7B6",
  "#9CC8B6",
  "#9EC8B6",
  "#9FC8B6",
  "#A0C9B6",
  "#A2C9B6",
  "#A3C9B6",
  "#A4CAB6",
  "#A6CAB6",
  "#A7CAB6",
  "#A8CBB6",
  "#A9CBB6",
  "#ABCCB7",
  "#ACCCB7",
  "#ADCCB7",
  "#AECDB7",
  "#B0CDB7",
  "#B1CEB7",
  "#B2CEB7",
  "#B3CEB7",
  "#B5CFB8",
  "#B6CFB8",
  "#B7D0B8",
  "#B8D0B8",
  "#BAD1B8",
  "#BBD1B9",
  "#BCD2B9",
  "#BDD2B9",
  "#BFD3BA",
  "#C0D3BA",
  "#C1D4BA",
  "#C2D5BA",
  "#C4D5BB",
  "#C5D6BB",
  "#C6D6BC",
  "#C8D7BC",
  "#C9D7BC",
  "#CAD8BD",
  "#CBD9BD",
  "#CDD9BE",
  "#CEDABE",
  "#CFDBBF",
  "#D1DBBF",
  "#D2DCC0",
  "#D3DDC1",
  "#D5DEC1",
  "#D6DEC2",
  "#D7DFC3",
  "#D9E0C3",
  "#DAE1C4",
  "#DBE1C5",
  "#DDE2C6",
  "#DEE3C7",
  "#DFE4C8",
  "#E1E5C9",
  "#E2E6CA",
  "#E3E6CB",
  "#E5E7CC",
  "#E6E8CD",
  "#E7E9CE",
  "#E8EAD0",
  "#EAEBD1",
  "#EBECD2",
  "#ECEDD4",
  "#EDEDD5",
  "#EEEED6",
  "#EFEFD8",
  "#F0F0D9",
  "#F1F1DA",
  "#F2F2DC",
  "#F3F2DD",
  "#F4F3DE",
  "#F5F4E0",
  "#F6F5E1",
  "#F7F5E3",
  "#F7F6E4",
  "#F8F7E5",
  "#F9F7E6",
  "#F9F8E8",
  "#FAF9E9",
  "#FBF9EA",
  "#FBFAEC",
  "#FCFAED",
  "#FCFBEE",
  "#FDFBEF",
  "#FDFCF0",
  "#FEFDF2",
  "#FEFDF3",
  "#FFFEF4",
  "#FFFEF5"
)
