# R palette generated from JSON
palette <- c(
  "#1F7A5F",
  "#207B61",
  "#217C63",
  "#237D64",
  "#247E66",
  "#257F68",
  "#267F6A",
  "#28806C",
  "#29816D",
  "#2A826F",
  "#2B8371",
  "#2D8473",
  "#2E8574",
  "#2F8676",
  "#308778",
  "#328779",
  "#33887B",
  "#34897D",
  "#358A7F",
  "#378B80",
  "#388C82",
  "#398D84",
  "#3A8E85",
  "#3C8E87",
  "#3D8F89",
  "#3E908A",
  "#40918C",
  "#41928E",
  "#42938F",
  "#439491",
  "#459593",
  "#469695",
  "#479696",
  "#489798",
  "#4A989A",
  "#4B999B",
  "#4C9A9D",
  "#4E9B9F",
  "#4F9CA1",
  "#509DA2",
  "#519DA4",
  "#539EA6",
  "#549FA7",
  "#55A0A9",
  "#57A1AB",
  "#58A2AD",
  "#5AA3AE",
  "#5BA4B0",
  "#5CA5B2",
  "#5EA6B4",
  "#60A7B5",
  "#61A8B7",
  "#63A8B9",
  "#64A9BB",
  "#66AABC",
  "#68ABBE",
  "#69ACC0",
  "#6BADC2",
  "#6DAEC3",
  "#6FAFC5",
  "#70B0C7",
  "#72B1C9",
  "#73B2CA",
  "#75B3CC",
  "#76B4CE",
  "#78B5D0",
  "#79B5D2",
  "#7BB6D4",
  "#7CB7D6",
  "#7DB8D8",
  "#7FB9D9",
  "#80BADB",
  "#82BBDD",
  "#83BCDF",
  "#85BDE2",
  "#87BEE4",
  "#88BFE6",
  "#8AC0E7",
  "#8DC1E9",
  "#8FC2EB",
  "#92C4EC",
  "#94C5EE",
  "#97C6EF",
  "#9AC7EF",
  "#9DC8F0",
  "#A0C9F0",
  "#A3CBF0",
  "#A5CCF1",
  "#A8CDF1",
  "#ABCEF0",
  "#ADCFF0",
  "#B0D0F0",
  "#B2D1F0",
  "#B5D2F0",
  "#B7D3F0",
  "#B9D4EF",
  "#BCD5EF",
  "#BED6EF",
  "#C0D7EF",
  "#C2D8EF",
  "#C4D8EF",
  "#C6D9EF",
  "#C8DAEE",
  "#CADBEE",
  "#CCDCEE",
  "#CEDDEE",
  "#D0DEEE",
  "#D2DFEE",
  "#D4E0EE",
  "#D6E1EE",
  "#D8E2EE",
  "#D9E3EE",
  "#DBE3EE",
  "#DDE4EE",
  "#DEE5ED",
  "#E0E6ED",
  "#E2E7ED",
  "#E3E7ED",
  "#E5E8ED",
  "#E6E9ED",
  "#E8EAED",
  "#EAEAED",
  "#EBEBED",
  "#EDECEE",
  "#EFEDEE",
  "#F0EEEE",
  "#F2EFEF",
  "#F5F1F1",
  "#F7F2F1",
  "#F7F1EE",
  "#F5EFEC",
  "#F4EDE9",
  "#F3ECE7",
  "#F3EAE5",
  "#F2E9E3",
  "#F2E8E1",
  "#F2E7DF",
  "#F2E6DD",
  "#F1E4DB",
  "#F1E3D9",
  "#F1E2D7",
  "#F1E1D5",
  "#F1E0D3",
  "#F0DFD1",
  "#F0DECF",
  "#F0DDCD",
  "#F0DBCB",
  "#EFDAC9",
  "#EFD9C6",
  "#EFD8C4",
  "#EFD6C2",
  "#EED5C0",
  "#EED4BD",
  "#EED2BB",
  "#EDD1B9",
  "#EDD0B6",
  "#EDCEB4",
  "#ECCDB1",
  "#ECCCAF",
  "#ECCAAC",
  "#EBC9AA",
  "#EBC8A7",
  "#EBC6A5",
  "#EAC5A2",
  "#EAC3A0",
  "#EAC29D",
  "#EAC09B",
  "#E9BF98",
  "#E9BE95",
  "#E9BC93",
  "#E9BB90",
  "#E8B98E",
  "#E8B78B",
  "#E8B688",
  "#E7B486",
  "#E7B383",
  "#E7B181",
  "#E6AF7E",
  "#E6AE7C",
  "#E6AC7A",
  "#E5AA78",
  "#E5A876",
  "#E4A774",
  "#E4A572",
  "#E4A371",
  "#E3A270",
  "#E3A06E",
  "#E39F6D",
  "#E29D6C",
  "#E29B6B",
  "#E19A6A",
  "#E19869",
  "#E19768",
  "#E09567",
  "#E09466",
  "#DF9265",
  "#DF9164",
  "#DF8F63",
  "#DE8E63",
  "#DE8C62",
  "#DD8B61",
  "#DD8960",
  "#DD885F",
  "#DC865F",
  "#DC855E",
  "#DB835D",
  "#DB825C",
  "#DA805B",
  "#DA7F5A",
  "#DA7D5A",
  "#D97B59",
  "#D87A58",
  "#D87857",
  "#D77756",
  "#D77555",
  "#D67354",
  "#D57253",
  "#D57052",
  "#D46E51",
  "#D36D50",
  "#D26B4F",
  "#D2694E",
  "#D1684D",
  "#D0664C",
  "#CF644B",
  "#CE634A",
  "#CD6149",
  "#CC5F48",
  "#CB5E46",
  "#CA5C45",
  "#C95B44",
  "#C85943",
  "#C75842",
  "#C65641",
  "#C55540",
  "#C3533F",
  "#C2513E",
  "#C1503D",
  "#C04E3C",
  "#BE4D3B",
  "#BD4B3A",
  "#BC4A38",
  "#BB4837",
  "#B94736",
  "#B84535",
  "#B74434",
  "#B54233",
  "#B44031",
  "#B23F30",
  "#B13D2F",
  "#B03B2D",
  "#AE3A2C",
  "#AD382A",
  "#AC3629",
  "#AA3428",
  "#A93226"
)
