# R palette generated from JSON
palette <- c(
  "#320500",
  "#330600",
  "#340601",
  "#350701",
  "#360701",
  "#370802",
  "#380802",
  "#390902",
  "#3A0A03",
  "#3B0A03",
  "#3C0B03",
  "#3E0B03",
  "#3F0C04",
  "#400C04",
  "#410D04",
  "#420D04",
  "#430E04",
  "#440E05",
  "#460F05",
  "#470F05",
  "#481005",
  "#491005",
  "#4B1105",
  "#4C1105",
  "#4D1206",
  "#4E1206",
  "#501306",
  "#511306",
  "#521406",
  "#541406",
  "#551506",
  "#561506",
  "#581506",
  "#591606",
  "#5A1606",
  "#5C1706",
  "#5D1706",
  "#5F1806",
  "#601806",
  "#611906",
  "#631906",
  "#641906",
  "#661A06",
  "#671A06",
  "#691B06",
  "#6A1B06",
  "#6B1C06",
  "#6D1C05",
  "#6E1D05",
  "#701D05",
  "#711E05",
  "#731E05",
  "#741F05",
  "#761F05",
  "#772005",
  "#792005",
  "#7A2104",
  "#7C2104",
  "#7D2204",
  "#7E2204",
  "#802304",
  "#812404",
  "#832404",
  "#842503",
  "#862503",
  "#872603",
  "#892703",
  "#8A2703",
  "#8B2802",
  "#8D2902",
  "#8E2902",
  "#902A02",
  "#912B02",
  "#922C02",
  "#942C01",
  "#952D01",
  "#962E01",
  "#982F01",
  "#992F01",
  "#9A3001",
  "#9B3101",
  "#9D3200",
  "#9E3300",
  "#9F3400",
  "#A03500",
  "#A23600",
  "#A33600",
  "#A43700",
  "#A53800",
  "#A63901",
  "#A73A01",
  "#A83B01",
  "#A93C01",
  "#AA3D01",
  "#AB3E02",
  "#AC3F02",
  "#AD4002",
  "#AE4103",
  "#AF4303",
  "#B04404",
  "#B14504",
  "#B24605",
  "#B34705",
  "#B34806",
  "#B44907",
  "#B54A08",
  "#B64B08",
  "#B74C09",
  "#B74D0A",
  "#B84E0B",
  "#B94F0C",
  "#BA500D",
  "#BA510E",
  "#BB520F",
  "#BC5310",
  "#BD5411",
  "#BD5611",
  "#BE5712",
  "#BF5813",
  "#BF5914",
  "#C05A15",
  "#C15B16",
  "#C15C17",
  "#C25D18",
  "#C35E19",
  "#C35F1A",
  "#C4601B",
  "#C4611C",
  "#C5621C",
  "#C6631D",
  "#C6641E",
  "#C7651F",
  "#C86620",
  "#C86721",
  "#C96922",
  "#CA6A23",
  "#CA6B24",
  "#CB6C26",
  "#CB6D27",
  "#CC6E28",
  "#CD6F29",
  "#CD702A",
  "#CE712B",
  "#CE732C",
  "#CF742D",
  "#D0752F",
  "#D07630",
  "#D17731",
  "#D17832",
  "#D27934",
  "#D37B35",
  "#D37C36",
  "#D47D37",
  "#D47E39",
  "#D57F3A",
  "#D5803C",
  "#D6823D",
  "#D6833F",
  "#D78440",
  "#D78542",
  "#D88643",
  "#D88845",
  "#D98946",
  "#D98A48",
  "#DA8B49",
  "#DA8C4B",
  "#DA8E4D",
  "#DB8F4E",
  "#DB9050",
  "#DC9151",
  "#DC9253",
  "#DC9455",
  "#DD9557",
  "#DD9658",
  "#DD975A",
  "#DE985C",
  "#DE9A5D",
  "#DF9B5F",
  "#DF9C61",
  "#DF9D63",
  "#E09E64",
  "#E09F66",
  "#E0A168",
  "#E0A26A",
  "#E1A36B",
  "#E1A46D",
  "#E1A56F",
  "#E2A671",
  "#E2A873",
  "#E2A974",
  "#E3AA76",
  "#E3AB78",
  "#E3AC7A",
  "#E3AD7B",
  "#E4AE7D",
  "#E4B07F",
  "#E4B181",
  "#E5B283",
  "#E5B384",
  "#E5B486",
  "#E6B588",
  "#E6B68A",
  "#E6B88B",
  "#E6B98D",
  "#E7BA8F",
  "#E7BB91",
  "#E7BC93",
  "#E8BD94",
  "#E8BE96",
  "#E8BF98",
  "#E9C09A",
  "#E9C19B",
  "#E9C39D",
  "#EAC49F",
  "#EAC5A1",
  "#EAC6A2",
  "#EAC7A4",
  "#EBC8A6",
  "#EBC9A7",
  "#EBCAA9",
  "#ECCBAB",
  "#ECCCAD",
  "#EDCDAE",
  "#EDCEB0",
  "#EDCFB2",
  "#EED1B3",
  "#EED2B5",
  "#EED3B7",
  "#EFD4B9",
  "#EFD5BA",
  "#F0D6BC",
  "#F0D7BE",
  "#F0D8BF",
  "#F1D9C1",
  "#F1DAC3",
  "#F2DBC4",
  "#F2DCC6",
  "#F3DDC8",
  "#F3DEC9",
  "#F3DFCB",
  "#F4E0CD",
  "#F4E2CE",
  "#F5E3D0",
  "#F5E4D2",
  "#F6E5D3",
  "#F7E6D5",
  "#F7E7D7",
  "#F8E8D8",
  "#F8E9DA",
  "#F9EADC",
  "#FAEBDD",
  "#FAECDF",
  "#FBEEE1",
  "#FCEFE3",
  "#FCF0E4",
  "#FDF1E6"
)
